prices_actual,prices_forecast,actual_demand,forecast_demand,soc,charge_MW,discharge_MW,import_MW,export_MW,profit_step
55.26,57.94,28.28,24.71,0.5,0.0,12.36,12.35,0.0,880.29
54.2,51.61,26.75,28.88,0.2368,0.0,11.12,17.76,0.0,487.47
52.7,43.8,25.94,27.02,0.0,0.0,0.0,27.02,0.0,-56.92
49.97,39.99,25.71,26.42,-0.0,12.36,0.0,38.78,0.0,-653.11
49.43,37.56,25.94,26.25,0.2375,12.36,0.0,38.61,0.0,-626.28
54.83,36.48,27.52,26.49,0.475,12.36,0.0,38.85,0.0,-621.22
62.9,37.04,32.56,29.2,0.7125,12.36,0.0,41.56,0.0,-566.1
66.69,40.17,39.06,33.67,0.95,2.6,0.0,36.27,0.0,185.92
79.2,45.1,43.42,39.0,1.0,0.0,-0.0,39.0,0.0,350.06
80.08,48.95,44.75,43.02,1.0,0.0,-0.0,43.02,0.0,138.54
73.25,50.59,44.39,44.46,1.0,0.0,9.95,34.51,0.0,723.7
74.7,50.7,43.98,44.15,0.7882,0.0,12.36,31.79,0.0,910.59
66.92,49.04,41.52,43.37,0.525,0.0,0.0,43.37,0.0,-123.8
63.03,47.0,40.86,41.58,0.525,0.0,0.0,41.58,0.0,-45.38
69.66,45.51,42.03,41.13,0.525,12.36,0.0,53.49,0.0,-798.3
68.93,45.3,42.43,42.16,0.7625,12.36,0.0,54.52,0.0,-833.36
66.55,47.03,43.04,42.89,1.0,0.0,0.0,42.89,0.0,9.98
73.22,50.02,44.49,43.81,1.0,0.0,0.0,43.81,0.0,49.79
79.08,53.27,45.65,44.94,1.0,0.0,12.36,32.58,0.0,1033.58
74.28,56.03,44.12,44.83,0.7368,0.0,12.36,32.47,0.0,865.36
69.37,56.07,40.78,43.78,0.4737,0.0,12.36,31.42,0.0,649.3
63.58,53.14,37.5,41.45,0.2105,0.0,9.89,31.56,0.0,377.54
59.46,49.73,33.73,38.48,0.0,0.0,-0.0,38.48,0.0,-282.43
54.11,46.41,30.36,35.01,0.0,0.0,-0.0,35.01,0.0,-251.61
48.33,42.25,28.41,30.94,0.5,12.36,0.0,40.77,0.0,-597.36
46.1,59.75,26.85,25.62,0.7375,0.0,9.92,16.93,0.0,457.3
44.81,66.67,26.0,22.18,0.5263,0.0,12.36,13.64,0.0,553.73
44.14,63.21,25.76,21.08,0.2632,0.0,12.36,13.4,0.0,545.66
44.56,56.94,26.12,20.91,0.0,0.0,0.0,26.12,0.0,0.0
47.6,44.08,27.54,21.01,0.0,12.36,0.0,39.9,0.0,-588.34
60.5,44.04,32.36,21.47,0.2375,12.36,0.0,44.72,0.0,-747.78
59.62,49.03,37.28,22.84,0.475,12.36,0.0,49.64,0.0,-736.9
62.84,59.52,41.42,26.15,0.7125,0.0,8.75,32.67,0.0,549.56
57.52,68.52,41.94,27.89,0.5263,0.0,12.36,29.58,0.0,710.79
52.67,67.15,41.33,27.37,0.2632,0.0,12.36,28.97,0.0,651.11
49.85,54.19,40.72,26.55,0.0,0.0,0.0,40.72,0.0,0.0
47.21,49.19,38.39,25.45,0.0,2.6,0.0,40.99,0.0,-122.85
45.72,44.92,37.9,24.36,0.05,12.36,0.0,50.26,0.0,-565.1
49.03,41.96,39.12,24.46,0.2875,12.36,0.0,51.48,0.0,-606.01
53.0,44.23,39.52,26.07,0.525,12.36,0.0,51.88,0.0,-655.08
56.55,46.45,40.29,28.71,0.7625,12.36,0.0,52.65,0.0,-698.96
62.84,50.03,40.72,31.34,1.0,0.0,0.0,40.72,0.0,0.0
71.94,56.72,43.0,34.52,1.0,0.0,12.36,30.64,0.0,889.32
76.0,67.15,42.63,39.25,0.7368,0.0,12.36,30.27,0.0,939.15
68.28,66.29,40.39,42.21,0.4737,0.0,12.36,28.03,0.0,844.08
60.74,56.04,37.16,40.38,0.2105,0.0,9.89,27.27,0.0,600.52
53.9,51.33,33.48,37.16,0.0,0.0,0.0,33.48,0.0,0.0
49.31,48.73,30.06,29.77,0.0,0.0,0.0,30.06,0.0,0.0
47.58,46.24,23.63,23.68,0.5,0.0,0.0,23.68,0.0,-2.38
42.41,48.55,22.21,22.33,0.5,0.0,9.98,12.35,0.0,418.19
38.54,43.86,21.67,21.72,0.2875,0.0,0.0,21.72,0.0,-1.93
38.62,42.25,21.49,21.3,0.2875,12.36,0.0,33.66,0.0,-470.01
39.06,41.03,21.91,21.43,0.525,12.36,0.0,33.79,0.0,-464.03
47.86,41.04,23.9,21.6,0.7625,12.36,0.0,33.96,0.0,-481.47
55.28,43.88,29.02,21.38,1.0,0.0,0.0,21.38,0.0,422.34
74.37,49.16,33.83,21.57,1.0,0.0,9.89,11.68,0.0,1647.15
79.28,55.42,38.56,23.35,0.7895,0.0,12.36,10.99,0.0,2185.75
75.17,58.27,39.14,26.33,0.5263,0.0,12.36,13.97,0.0,1892.03
59.28,54.64,38.58,24.66,0.2632,0.0,12.36,12.3,0.0,1557.88
56.34,44.98,37.97,24.23,-0.0,0.0,0.0,24.23,0.0,774.11
51.07,31.46,35.77,24.51,0.0,0.0,0.0,24.51,0.0,575.05
50.46,23.21,35.64,23.1,-0.0,12.36,0.0,35.46,0.0,9.08
52.87,16.4,36.65,21.49,0.2375,12.36,0.0,33.85,0.0,148.04
57.29,12.77,37.14,21.09,0.475,12.36,0.0,33.45,0.0,211.4
58.72,16.2,37.46,21.29,0.7125,12.36,0.0,33.65,0.0,223.72
63.23,30.37,37.45,21.79,0.95,2.6,0.0,24.39,0.0,825.65
76.13,42.95,37.55,22.87,1.0,-0.0,0.0,22.87,0.0,1117.59
78.14,50.63,38.29,24.43,1.0,0.0,-0.0,24.43,0.0,1083.02
81.22,64.7,39.21,26.94,1.0,0.0,12.36,14.58,0.0,2000.45
77.98,73.96,36.68,28.06,0.7368,0.0,12.36,15.7,0.0,1636.02
68.33,66.12,33.17,27.03,0.4737,0.0,12.36,14.67,0.0,1264.1
54.99,57.34,29.68,24.2,0.2105,0.0,9.89,14.31,0.0,845.09
52.83,48.46,23.66,23.66,0.5,12.36,0.0,36.02,0.0,-652.98
55.13,57.91,22.14,21.73,0.7375,0.0,12.36,9.78,0.0,681.52
49.65,59.09,21.12,21.49,0.4743,0.0,12.36,8.76,0.0,613.54
47.17,54.43,20.63,21.2,0.2112,0.0,7.51,13.12,0.0,354.26
44.68,51.19,20.14,21.07,0.0513,0.0,0.0,20.14,0.0,0.0
46.7,45.99,20.21,20.97,0.0513,12.36,0.0,32.57,0.0,-577.21
45.61,45.75,19.98,20.96,0.2888,12.36,0.0,32.34,0.0,-563.74
48.75,51.19,21.25,21.66,0.5263,0.0,0.0,21.25,0.0,0.0
46.99,55.09,22.65,23.23,0.5263,0.0,12.36,10.29,0.0,580.67
43.82,57.91,23.35,24.14,0.2632,0.0,12.36,10.99,0.0,541.7
41.83,51.64,23.55,24.08,0.0,0.0,0.0,23.55,0.0,0.0
33.03,44.89,23.57,23.6,0.0,0.0,0.0,23.57,0.0,0.0
30.74,40.08,23.26,23.67,0.0,0.0,0.0,23.26,0.0,0.0
21.86,31.62,22.16,23.29,0.0,12.36,0.0,34.52,0.0,-270.19
21.87,24.33,21.7,22.7,0.2375,12.36,0.0,34.06,0.0,-270.31
29.45,22.55,21.66,21.77,0.475,12.36,0.0,34.02,0.0,-364.0
38.83,27.33,22.01,21.55,0.7125,12.36,0.0,34.37,0.0,-479.94
44.39,37.12,22.96,22.75,0.95,2.6,0.0,25.56,0.0,-115.51
55.36,46.12,24.47,25.39,1.0,0.0,0.0,24.47,0.0,0.0
61.0,51.18,26.5,27.54,1.0,0.0,0.0,26.5,0.0,0.0
66.8,60.54,28.49,28.44,1.0,0.0,9.89,18.6,0.0,660.44
66.13,77.03,28.3,29.26,0.7895,0.0,12.36,15.94,0.0,817.5
62.05,78.97,26.04,29.75,0.5263,0.0,12.36,13.68,0.0,766.77
56.6,66.24,23.49,27.84,0.2632,0.0,12.36,11.13,0.0,699.69
59.41,56.9,27.21,25.34,0.5,0.0,12.36,12.98,0.0,845.4
47.98,54.01,25.76,26.74,0.2368,0.0,11.12,15.62,0.0,486.71
47.27,53.13,24.63,26.3,0.0,0.0,-0.0,26.3,0.0,-78.94
46.7,45.99,24.08,25.54,0.0,2.6,0.0,28.14,0.0,-189.7
45.44,42.02,23.92,25.12,0.05,12.36,0.0,37.48,0.0,-616.17
39.76,39.28,23.45,24.94,0.2875,12.36,0.0,37.3,0.0,-550.68
39.75,38.97,24.56,24.84,0.525,12.36,0.0,37.2,0.0,-502.44
39.49,44.68,27.65,25.77,0.7625,12.36,0.0,38.13,0.0,-413.86
43.75,63.17,30.11,28.58,1.0,0.0,7.54,21.04,0.0,396.8
42.82,68.26,30.91,32.57,0.8395,0.0,12.36,20.21,0.0,458.17
36.03,68.19,30.48,35.21,0.5763,0.0,12.36,22.85,0.0,274.91
30.03,63.61,29.86,36.32,0.3132,0.0,12.36,23.96,0.0,177.18
30.77,59.23,28.41,37.78,0.05,0.0,0.0,37.78,0.0,-288.31
26.38,54.39,27.26,37.66,0.05,12.36,0.0,50.02,0.0,-600.41
21.41,51.02,26.83,37.93,0.2875,12.36,0.0,50.29,0.0,-502.28
27.94,52.12,26.96,38.77,0.525,12.36,0.0,51.13,0.0,-675.31
30.46,56.97,27.52,39.23,0.7625,12.36,0.0,51.59,0.0,-733.17
32.91,61.75,28.26,38.89,1.0,0.0,0.0,38.89,0.0,-349.83
40.31,65.49,29.45,37.97,1.0,0.0,0.0,37.97,0.0,-343.44
45.93,71.27,30.98,37.44,1.0,0.0,9.89,27.55,0.0,157.45
50.78,77.54,31.01,37.01,0.7895,0.0,12.36,24.65,0.0,322.96
48.64,80.03,30.74,36.68,0.5263,0.0,12.36,24.32,0.0,312.27
45.81,73.97,28.54,35.53,0.2632,0.0,12.36,23.17,0.0,246.0
41.92,66.43,26.07,33.19,-0.0,0.0,0.0,33.19,0.0,-298.47
55.17,59.06,30.21,31.12,0.5,0.0,11.12,19.09,0.0,613.6
51.39,62.48,28.57,30.92,0.2632,0.0,12.36,16.21,0.0,635.28
46.7,55.79,27.41,29.65,0.0,0.0,0.0,27.41,0.0,0.0
46.27,51.87,26.96,28.95,0.0,0.0,0.0,26.96,0.0,0.0
46.24,49.52,27.11,29.32,0.0,12.36,0.0,39.47,0.0,-571.53
46.29,46.03,28.0,29.78,0.2375,12.36,0.0,40.36,0.0,-572.14
55.38,45.03,32.0,30.09,0.475,12.36,0.0,44.36,0.0,-684.5
68.38,46.86,37.02,32.53,0.7125,12.36,0.0,49.38,0.0,-845.18
71.62,50.14,42.69,37.55,0.95,2.6,0.0,45.29,0.0,-186.36
71.62,54.6,44.51,42.44,1.0,0.0,0.0,44.51,0.0,0.0
64.53,57.23,45.13,45.18,1.0,0.0,0.0,45.13,0.0,0.0
62.6,57.26,45.65,45.98,1.0,0.0,0.0,45.65,0.0,0.0
56.27,56.06,44.53,46.14,1.0,0.0,0.0,44.53,0.0,0.0
55.98,55.84,44.71,45.88,1.0,0.0,0.0,44.71,0.0,0.0
60.61,57.57,45.92,45.47,1.0,0.0,0.0,45.92,0.0,0.0
72.71,59.46,46.6,45.63,1.0,0.0,0.0,46.6,0.0,0.0
81.08,61.37,46.94,46.09,1.0,0.0,0.0,46.94,0.0,0.0
77.72,63.6,46.54,46.69,1.0,0.0,0.0,46.54,0.0,0.0
73.08,66.19,45.92,46.96,1.0,0.0,0.0,45.92,0.0,0.0
74.62,68.94,44.57,46.66,1.0,0.0,9.89,34.68,0.0,737.75
75.42,71.02,43.63,45.48,0.7895,0.0,12.36,31.27,0.0,932.34
74.95,71.38,42.99,44.54,0.5263,0.0,12.36,30.63,0.0,926.18
62.1,69.9,40.2,43.9,0.2632,0.0,12.36,27.84,0.0,767.68
55.71,68.49,36.8,41.03,0.0,0.0,0.0,36.8,0.0,0.0
58.09,65.82,32.81,37.61,0.5,12.36,0.0,45.17,0.0,-717.99
47.8,77.18,31.03,33.28,0.7375,0.0,12.36,18.67,0.0,590.9
41.35,73.85,29.74,30.57,0.4743,0.0,12.36,17.38,0.0,510.97
41.06,68.35,29.02,29.09,0.2112,0.0,0.0,29.02,0.0,0.0
41.0,66.02,28.92,28.8,0.2112,3.97,0.0,32.89,0.0,-162.8
41.76,64.88,29.75,29.26,0.2875,12.36,0.0,42.11,0.0,-516.15
42.44,64.69,32.19,30.1,0.525,12.36,0.0,44.55,0.0,-524.56
45.68,65.92,36.61,31.8,0.7625,12.36,0.0,48.97,0.0,-564.6
50.88,67.06,41.28,35.41,1.0,0.0,0.0,41.28,0.0,0.0
52.4,67.52,42.78,39.49,1.0,0.0,0.0,42.78,0.0,0.0
49.18,67.47,43.26,42.53,1.0,0.0,0.0,43.26,0.0,0.0
49.0,67.01,43.6,43.74,1.0,0.0,0.0,43.6,0.0,0.0
46.46,66.9,42.68,43.95,1.0,0.0,0.0,42.68,0.0,0.0
48.11,66.91,42.92,44.13,1.0,0.0,0.0,42.92,0.0,0.0
51.18,68.14,43.9,44.43,1.0,0.0,0.0,43.9,0.0,0.0
51.0,70.19,44.0,44.73,1.0,0.0,0.0,44.0,0.0,0.0
55.87,72.03,44.3,45.14,1.0,0.0,0.0,44.3,0.0,0.0
58.51,74.06,43.92,46.12,1.0,0.0,0.0,43.92,0.0,0.0
60.85,75.93,43.5,46.48,1.0,0.0,0.0,43.5,0.0,0.0
61.34,77.4,42.74,46.11,1.0,0.0,9.89,32.85,0.0,606.45
67.2,77.92,42.46,44.97,0.7895,0.0,12.36,30.1,0.0,830.72
61.51,78.07,41.32,44.32,0.5263,0.0,12.36,28.96,0.0,760.1
57.61,78.63,37.99,43.15,0.2632,0.0,12.36,25.63,0.0,712.17
49.87,76.23,34.88,39.75,0.0,0.0,0.0,34.88,0.0,0.0
49.48,71.45,27.62,36.12,0.5,0.0,11.12,16.5,0.0,550.32
46.27,73.55,26.01,32.79,0.2632,0.0,12.36,13.65,0.0,571.99
47.04,70.57,25.06,30.52,0.0,0.0,0.0,25.06,0.0,0.0
46.29,68.18,24.45,29.61,0.0,0.0,0.0,24.45,0.0,0.0
46.94,66.9,24.09,29.65,0.0,0.0,0.0,24.09,0.0,0.0
44.38,66.14,24.08,30.33,0.0,0.0,0.0,24.08,0.0,0.0
47.83,64.36,24.45,31.2,0.0,2.6,0.0,27.05,0.0,-124.46
46.31,64.92,24.7,32.0,0.05,0.0,0.0,24.7,0.0,0.0
45.78,66.38,26.36,34.13,0.05,0.0,0.0,26.36,0.0,0.0
49.48,67.39,27.73,37.47,0.05,0.0,0.0,27.73,0.0,0.0
50.56,67.58,28.55,40.25,0.05,0.0,0.0,28.55,0.0,0.0
48.86,66.87,28.89,41.97,0.05,0.0,0.0,28.89,0.0,0.0
47.35,65.14,28.9,42.7,0.05,0.0,0.0,28.9,0.0,0.0
45.64,62.86,28.08,42.9,0.05,12.36,0.0,40.44,0.0,-564.11
47.61,61.68,27.72,42.96,0.2875,12.36,0.0,40.08,0.0,-588.46
48.0,62.45,27.75,42.89,0.525,12.36,0.0,40.11,0.0,-593.28
48.0,63.34,28.17,42.8,0.7625,12.36,0.0,40.53,0.0,-593.28
48.0,64.84,29.14,42.79,1.0,0.0,0.0,29.14,0.0,0.0
53.31,67.48,30.45,42.73,1.0,0.0,0.0,30.45,0.0,0.0
58.23,72.75,32.52,41.64,1.0,0.0,0.0,32.52,0.0,0.0
68.39,81.29,33.93,42.24,1.0,0.0,12.36,21.57,0.0,845.44
56.17,83.85,32.55,42.12,0.7368,0.0,12.36,20.19,0.0,694.11
55.24,80.0,30.58,40.03,0.4737,0.0,12.36,18.22,0.0,682.88
47.91,75.47,28.3,36.91,0.2105,0.0,9.89,18.41,0.0,473.67
44.48,70.78,27.58,33.42,0.5,0.0,12.36,15.22,0.0,549.86
45.56,67.68,26.25,27.34,0.2368,0.0,0.0,26.25,0.0,0.0
43.44,62.73,25.56,26.06,0.2368,0.0,0.0,25.56,0.0,0.0
43.11,60.03,25.4,25.6,0.2368,12.36,0.0,37.76,0.0,-532.84
43.5,59.03,25.36,25.91,0.4743,12.36,0.0,37.72,0.0,-537.66
50.3,59.0,26.51,26.84,0.7118,12.36,0.0,38.87,0.0,-621.71
65.0,62.33,31.39,28.0,0.9493,2.64,0.0,34.03,0.0,-171.5
70.95,72.73,36.04,29.36,1.0,0.0,0.0,36.04,0.0,0.0
72.68,80.2,40.06,31.27,1.0,0.0,12.36,27.7,0.0,898.47
71.36,84.91,40.55,33.75,0.7368,0.0,12.36,28.19,0.0,881.82
66.95,80.6,40.31,34.9,0.4737,0.0,12.36,27.95,0.0,827.63
61.72,73.95,39.93,35.75,0.2105,0.0,0.0,39.93,0.0,0.0
50.3,71.44,37.65,36.59,0.2105,0.0,0.0,37.65,0.0,0.0
52.82,67.4,37.41,36.95,0.2105,12.36,0.0,49.77,0.0,-652.86
60.12,66.29,38.72,37.43,0.448,12.36,0.0,51.08,0.0,-743.08
62.61,68.41,39.32,38.26,0.6855,12.36,0.0,51.68,0.0,-773.86
67.96,70.83,39.77,38.55,0.923,4.01,0.0,43.78,0.0,-272.33
71.18,72.1,39.89,38.86,1.0,0.0,0.0,39.89,0.0,0.0
76.15,74.39,40.44,38.98,1.0,0.0,0.0,40.44,0.0,0.0
78.47,80.28,41.98,39.02,1.0,0.0,12.36,29.62,0.0,970.04
72.34,83.96,39.9,38.62,0.7368,0.0,12.36,27.54,0.0,893.93
70.5,82.23,36.92,34.61,0.4737,0.0,12.36,24.56,0.0,871.52
60.68,78.66,33.28,31.22,0.2105,0.0,9.89,23.39,0.0,599.93
50.32,74.69,30.04,28.42,0.0,0.0,0.0,30.04,0.0,0.0
40.29,70.34,24.92,26.15,0.5,0.0,0.0,24.92,0.0,0.0
39.1,71.11,23.35,24.12,0.5,0.0,9.98,13.37,0.0,390.25
38.28,67.69,22.33,23.53,0.2875,0.0,0.0,22.33,0.0,0.0
36.53,64.54,21.57,22.77,0.2875,0.0,0.0,21.57,0.0,0.0
36.53,62.63,21.32,22.69,0.2875,12.36,0.0,33.68,0.0,-451.51
36.02,61.52,21.48,22.89,0.525,12.36,0.0,33.84,0.0,-445.21
37.47,62.95,22.79,26.06,0.7625,12.36,0.0,35.15,0.0,-463.13
38.05,72.46,23.73,30.84,1.0,0.0,0.0,23.73,0.0,0.0
37.9,81.61,25.44,35.05,1.0,0.0,12.36,13.08,0.0,468.52
40.72,88.29,26.63,39.14,0.7368,0.0,12.36,14.27,0.0,503.19
41.67,80.82,27.23,40.19,0.4737,0.0,12.36,14.87,0.0,515.12
41.67,73.6,27.52,39.69,0.2105,0.0,6.27,21.25,0.0,261.28
42.75,69.69,27.12,37.54,0.077,0.0,0.0,27.12,0.0,0.0
41.61,64.26,25.94,37.01,0.077,12.36,0.0,38.3,0.0,-514.3
41.0,62.25,25.63,36.36,0.3145,12.36,0.0,37.99,0.0,-506.76
44.01,64.2,25.9,36.4,0.552,12.36,0.0,38.26,0.0,-543.96
46.2,66.87,26.91,38.09,0.7895,0.0,0.0,26.91,0.0,0.0
53.05,71.07,29.78,38.3,0.7895,0.0,0.0,29.78,0.0,0.0
51.34,77.65,31.36,32.1,0.7895,0.0,12.36,19.0,0.0,634.66
49.55,90.88,31.88,31.8,0.5263,0.0,12.36,19.52,0.0,612.3
50.63,78.95,30.72,32.6,0.2632,0.0,12.36,18.36,0.0,625.89
46.76,72.32,28.94,31.68,0.0,0.0,0.0,28.94,0.0,0.0
42.71,71.33,26.55,29.3,0.0,0.0,0.0,26.55,0.0,0.0
37.47,70.89,24.25,26.78,0.0,0.0,0.0,24.25,0.0,0.0
47.86,53.1,25.2,25.15,0.5,0.0,12.36,12.79,0.0,593.94
44.52,43.88,23.42,24.12,0.2368,12.36,0.0,36.48,0.0,-581.43
41.42,43.8,22.35,23.02,0.4743,12.36,0.0,35.38,0.0,-539.7
38.67,44.65,21.83,22.88,0.7118,12.36,0.0,35.24,0.0,-518.56
38.23,46.34,21.76,22.69,0.9493,2.64,0.0,25.33,0.0,-136.34
39.48,48.41,22.32,22.56,1.0,0.0,0.0,22.56,0.0,-9.48
43.15,54.02,23.75,22.49,1.0,-0.0,0.0,22.49,0.0,54.37
43.77,59.56,25.19,22.57,1.0,0.0,0.0,22.57,0.0,114.68
45.37,65.46,26.84,22.98,1.0,0.0,12.36,10.62,0.0,735.9
46.44,64.77,28.62,24.14,0.7368,0.0,12.36,11.78,0.0,782.05
46.44,65.45,29.23,24.92,0.4737,0.0,12.36,12.56,0.0,774.15
48.0,63.08,29.41,25.76,0.2105,0.0,9.89,15.87,0.0,649.82
48.15,60.33,29.23,25.7,0.0,0.0,0.0,25.7,0.0,169.97
45.76,56.92,27.87,25.5,-0.0,0.0,0.0,25.5,0.0,108.45
45.84,53.99,27.6,25.15,-0.0,12.36,0.0,37.51,0.0,-454.27
45.46,55.55,28.14,25.02,0.2375,2.67,0.0,27.69,0.0,20.43
48.34,55.43,29.56,25.46,0.2888,12.36,0.0,37.82,0.0,-399.29
55.12,56.62,32.27,26.78,0.5263,0.0,0.0,26.78,0.0,302.61
56.2,60.11,33.19,28.56,0.5263,0.0,0.0,28.56,0.0,260.21
56.42,64.95,33.83,29.56,0.5263,0.0,12.36,17.2,0.0,938.26
55.14,64.71,32.79,35.62,0.2632,0.0,12.36,23.26,0.0,525.48
53.84,59.74,30.99,33.86,0.0,0.0,-0.0,33.86,0.0,-154.52
46.48,55.0,28.65,31.32,0.0,0.0,-0.0,31.32,0.0,-124.1
43.18,52.09,26.17,28.24,0.0,0.0,-0.0,28.24,0.0,-89.38
63.44,69.27,26.21,33.78,0.5,0.0,12.36,21.42,0.0,303.88
60.68,47.7,24.64,29.43,0.2368,0.0,11.12,18.31,0.0,384.35
58.7,40.12,23.38,26.85,0.0,0.0,0.0,26.85,0.0,-203.69
53.26,38.9,22.84,25.7,-0.0,2.6,0.0,28.3,0.0,-290.91
50.2,37.9,22.85,26.0,0.05,12.36,0.0,38.36,0.0,-778.6
49.58,36.66,23.14,25.82,0.2875,12.36,0.0,38.18,0.0,-745.68
60.58,36.14,24.65,25.87,0.525,12.36,0.0,38.23,0.0,-822.68
64.85,38.2,26.15,27.99,0.7625,12.36,0.0,40.35,0.0,-920.87
65.38,41.89,27.59,30.07,1.0,0.0,0.0,30.07,0.0,-162.14
67.34,45.18,29.4,32.04,1.0,0.0,-0.0,32.04,0.0,-177.78
67.31,48.89,30.23,32.87,1.0,0.0,-0.0,32.87,0.0,-177.7
64.93,51.73,30.4,32.23,1.0,0.0,-0.0,32.23,0.0,-118.82
61.92,51.29,30.17,31.31,1.0,0.0,0.0,31.31,0.0,-70.59
59.57,49.6,28.45,30.21,1.0,0.0,0.0,30.21,0.0,-104.84
62.0,48.28,28.41,29.79,1.0,0.0,0.0,29.79,0.0,-85.56
63.73,48.58,28.57,29.51,1.0,0.0,0.0,29.51,0.0,-59.91
72.11,50.97,30.01,29.76,1.0,0.0,0.0,29.76,0.0,18.03
78.52,54.45,33.69,30.71,1.0,0.0,-0.0,30.71,0.0,233.99
81.03,59.17,35.36,33.54,1.0,0.0,12.36,21.18,0.0,1149.01
81.03,62.03,35.89,35.29,0.7368,0.0,12.36,22.93,0.0,1050.15
78.4,60.81,34.77,35.82,0.4737,0.0,12.36,23.46,0.0,886.7
79.32,57.59,32.79,34.78,0.2105,0.0,9.89,24.89,0.0,626.47
66.6,53.2,30.05,32.52,0.0,0.0,-0.0,32.52,0.0,-164.5
60.47,49.24,27.28,29.66,0.0,0.0,-0.0,29.66,0.0,-143.92
53.06,64.64,24.78,31.85,0.5,0.0,12.36,19.49,0.0,280.69
49.11,40.17,23.39,27.71,0.2368,0.0,11.12,16.59,0.0,334.14
40.0,28.23,22.62,24.59,0.0,12.36,0.0,36.95,0.0,-573.2
39.99,22.16,22.51,24.03,0.2375,12.36,0.0,36.39,0.0,-555.06
39.75,18.36,22.94,26.87,0.475,12.36,0.0,39.23,0.0,-647.53
47.36,23.82,24.89,28.55,0.7125,12.36,0.0,40.91,0.0,-758.71
61.12,36.12,30.61,30.16,0.95,2.6,0.0,32.76,0.0,-131.54
67.07,46.88,37.09,33.66,1.0,0.0,0.0,33.66,0.0,230.05
74.29,51.56,42.02,38.37,1.0,0.0,-0.0,38.37,0.0,271.16
77.68,54.23,43.24,42.54,1.0,0.0,0.0,42.54,0.0,54.38
76.19,54.05,42.73,44.37,1.0,0.0,0.0,44.37,0.0,-124.95
74.05,52.58,42.19,43.87,1.0,0.0,0.0,43.87,0.0,-124.4
67.81,51.07,39.85,42.95,1.0,0.0,0.0,42.95,0.0,-210.21
66.59,50.56,39.42,40.71,1.0,-0.0,0.0,40.71,0.0,-85.9
69.0,50.61,40.87,40.43,1.0,0.0,0.0,40.43,0.0,30.36
74.04,51.88,41.87,41.74,1.0,0.0,0.0,41.74,0.0,9.63
77.68,55.0,43.28,42.59,1.0,0.0,0.0,42.59,0.0,53.6
86.08,59.05,45.42,44.1,1.0,0.0,12.36,31.74,0.0,1177.57
78.21,62.97,45.13,45.79,0.7368,0.0,12.36,33.43,0.0,915.06
77.65,61.54,43.76,45.03,0.4737,0.0,12.36,32.67,0.0,861.14
71.81,58.33,41.3,43.35,0.2105,0.0,9.89,33.46,0.0,562.85
66.59,54.38,38.17,41.1,0.0,0.0,0.0,41.1,0.0,-195.11
63.53,51.74,34.35,38.06,-0.0,-0.0,0.0,38.06,0.0,-235.7
59.45,50.23,30.77,34.54,0.0,0.0,-0.0,34.54,0.0,-224.13
61.94,60.09,28.65,25.51,0.5,0.0,12.36,16.29,0.0,765.7
59.2,44.14,26.92,28.38,0.2368,0.0,8.77,18.15,0.0,519.4
53.21,40.04,25.91,26.91,0.05,0.0,0.0,25.91,0.0,0.0
52.43,37.36,25.74,26.38,0.05,12.36,0.0,38.1,0.0,-648.03
53.26,35.03,26.04,26.47,0.2875,12.36,0.0,38.4,0.0,-658.29
58.42,33.92,27.64,26.4,0.525,12.36,0.0,40.0,0.0,-722.07
65.05,38.81,32.88,28.93,0.7625,12.36,0.0,45.24,0.0,-804.02
77.89,46.43,39.23,34.26,1.0,0.0,0.0,39.23,0.0,0.0
86.64,51.28,44.02,39.93,1.0,0.0,12.36,31.66,0.0,1071.04
86.23,54.63,44.95,44.11,0.7368,0.0,12.36,32.59,0.0,1065.57
73.49,53.1,44.2,44.65,0.4737,0.0,12.36,31.84,0.0,908.48
68.86,48.79,43.72,43.63,0.2105,0.0,0.0,43.72,0.0,0.0
65.56,45.3,41.18,42.54,0.2105,4.01,0.0,45.19,0.0,-262.71
63.57,42.58,40.69,41.07,0.2875,12.36,0.0,53.05,0.0,-785.73
68.54,41.89,42.1,40.4,0.525,12.36,0.0,54.46,0.0,-847.15
76.82,43.72,43.07,41.59,0.7625,12.36,0.0,55.43,0.0,-949.5
83.32,48.4,44.53,42.98,1.0,0.0,0.0,44.53,0.0,0.0
91.56,53.68,46.63,44.24,1.0,0.0,9.89,36.74,0.0,905.23
89.36,57.66,46.23,45.56,0.7895,0.0,12.36,33.87,0.0,1104.67
86.25,58.2,44.98,45.69,0.5263,0.0,12.36,32.62,0.0,1065.82
83.24,55.49,42.28,44.12,0.2632,0.0,12.36,29.92,0.0,1029.01
82.31,52.13,38.85,41.91,0.0,0.0,0.0,38.85,0.0,0.0
75.61,50.08,34.83,39.16,0.0,0.0,0.0,34.83,0.0,0.0
63.66,49.14,30.99,35.57,0.0,0.0,0.0,30.99,0.0,0.0
66.69,53.46,28.49,26.18,0.5,0.0,12.36,16.13,0.0,824.42
61.34,44.24,26.81,28.27,0.2368,0.0,8.77,18.04,0.0,538.17
59.68,39.71,25.92,26.8,0.05,12.36,0.0,38.28,0.0,-737.64
59.01,37.98,25.69,26.31,0.2875,12.36,0.0,38.05,0.0,-729.36
59.54,36.79,25.97,26.24,0.525,12.36,0.0,38.33,0.0,-735.91
61.12,37.21,27.47,26.27,0.7625,12.36,0.0,39.83,0.0,-755.44
71.15,41.87,32.83,28.96,1.0,0.0,0.0,32.83,0.0,0.0
81.84,49.41,39.27,34.57,1.0,0.0,0.0,39.27,0.0,0.0
95.41,57.84,43.78,39.94,1.0,0.0,12.36,31.42,0.0,1179.46
87.87,62.56,44.88,43.61,0.7368,0.0,12.36,32.52,0.0,1085.83
79.53,55.8,44.01,44.49,0.4737,0.0,12.36,31.65,0.0,983.15
70.73,50.74,43.09,43.59,0.2105,0.0,0.0,43.09,0.0,0.0
65.61,48.94,40.52,42.4,0.2105,4.01,0.0,44.53,0.0,-262.92
65.19,46.9,40.19,40.59,0.2875,12.36,0.0,52.55,0.0,-805.75
66.63,45.41,41.61,40.24,0.525,12.36,0.0,53.97,0.0,-823.55
73.32,47.15,42.63,41.59,0.7625,12.36,0.0,54.99,0.0,-906.24
80.74,51.64,43.99,42.71,1.0,0.0,0.0,43.99,0.0,0.0
88.92,57.02,46.39,43.94,1.0,0.0,0.0,46.39,0.0,0.0
84.07,62.3,46.31,45.45,1.0,0.0,12.36,33.95,0.0,1039.27
82.06,66.25,44.94,45.53,0.7368,0.0,12.36,32.58,0.0,1014.04
75.92,64.64,42.14,43.75,0.4737,0.0,12.36,29.78,0.0,938.52
71.33,57.48,38.85,41.39,0.2105,0.0,9.89,28.96,0.0,705.22
68.41,52.49,34.92,38.5,0.0,0.0,0.0,34.92,0.0,0.0
61.28,49.31,31.0,34.73,0.0,0.0,0.0,31.0,0.0,0.0
59.32,54.57,28.46,26.33,0.5,0.0,12.36,16.1,0.0,733.31
58.08,53.8,26.8,26.4,0.2368,0.0,8.77,18.03,0.0,509.57
56.26,47.5,25.82,25.84,0.05,12.36,0.0,38.18,0.0,-695.37
56.26,45.18,25.67,25.55,0.2875,12.36,0.0,38.03,0.0,-695.37
56.81,45.32,25.97,25.62,0.525,12.36,0.0,38.33,0.0,-702.17
59.14,46.49,27.45,26.01,0.7625,12.36,0.0,39.81,0.0,-730.97
66.2,48.99,32.66,27.04,1.0,0.0,0.0,32.66,0.0,0.0
68.48,54.32,39.06,32.13,1.0,0.0,0.0,39.06,0.0,0.0
78.2,63.09,43.45,38.41,1.0,0.0,12.36,31.09,0.0,966.71
80.59,70.25,44.44,42.62,0.7368,0.0,12.36,32.08,0.0,995.87
74.24,63.02,43.85,43.3,0.4737,0.0,12.36,31.49,0.0,917.75
71.15,54.95,43.17,43.25,0.2105,0.0,0.0,43.17,0.0,0.0
65.3,52.23,40.78,42.88,0.2105,4.01,0.0,44.79,0.0,-261.67
65.73,50.42,40.41,40.87,0.2875,12.36,0.0,52.77,0.0,-812.42
71.14,48.87,41.81,40.71,0.525,12.36,0.0,54.17,0.0,-879.29
75.51,50.83,42.88,41.94,0.7625,12.36,0.0,55.24,0.0,-933.3
78.72,54.71,44.02,42.67,1.0,0.0,0.0,44.02,0.0,0.0
84.27,60.16,46.11,44.0,1.0,0.0,9.89,36.22,0.0,833.16
81.94,69.14,45.8,45.57,0.7895,0.0,12.36,33.44,0.0,1012.94
82.08,71.01,44.42,44.5,0.5263,0.0,12.36,32.06,0.0,1014.29
75.5,64.2,41.6,41.54,0.2632,0.0,12.36,29.24,0.0,933.33
70.0,56.07,38.26,39.58,0.0,0.0,0.0,38.26,0.0,0.0
66.27,51.85,34.45,37.07,0.0,0.0,0.0,34.45,0.0,0.0
61.39,49.43,30.65,33.86,0.0,0.0,0.0,30.65,0.0,0.0
60.15,55.71,28.47,28.98,0.5,0.0,0.0,28.47,0.0,0.0
58.94,58.97,26.84,26.57,0.5,0.0,12.36,14.48,0.0,728.61
56.99,53.22,25.91,25.73,0.2368,0.0,0.0,25.91,0.0,0.0
55.0,50.22,25.65,25.28,0.2368,12.36,0.0,38.01,0.0,-679.8
56.64,49.83,26.01,25.4,0.4743,12.36,0.0,38.37,0.0,-700.07
60.0,49.96,27.33,25.83,0.7118,12.36,0.0,39.69,0.0,-741.6
65.71,51.25,32.55,26.97,0.9493,2.64,0.0,35.19,0.0,-173.38
78.77,55.6,39.13,31.91,1.0,0.0,0.0,39.13,0.0,0.0
93.28,62.62,43.47,37.77,1.0,0.0,12.36,31.11,0.0,1153.13
90.74,67.26,44.38,41.88,0.7368,0.0,12.36,32.02,0.0,1121.3
78.47,61.72,43.66,42.51,0.4737,0.0,12.36,31.3,0.0,970.04
72.39,55.15,42.98,42.9,0.2105,0.0,0.0,42.98,0.0,0.0
66.94,52.72,40.4,42.6,0.2105,12.36,0.0,52.76,0.0,-827.38
65.95,50.69,39.74,40.44,0.448,12.36,0.0,52.1,0.0,-815.14
66.17,49.94,41.04,40.45,0.6855,12.36,0.0,53.4,0.0,-817.86
71.63,52.78,41.84,41.91,0.923,4.01,0.0,45.85,0.0,-287.04
79.0,57.27,43.05,42.74,1.0,0.0,0.0,43.05,0.0,0.0
84.16,63.78,45.35,44.03,1.0,0.0,9.89,35.46,0.0,832.07
82.43,71.81,45.44,45.72,0.7895,0.0,12.36,33.08,0.0,1019.0
82.09,73.75,44.06,45.8,0.5263,0.0,12.36,31.7,0.0,1014.41
75.85,68.5,41.07,44.2,0.2632,0.0,12.36,28.71,0.0,937.66
72.56,61.04,37.53,41.71,0.0,0.0,0.0,37.53,0.0,0.0
69.69,54.72,34.0,38.73,0.0,0.0,0.0,34.0,0.0,0.0
64.55,52.03,30.34,35.03,0.0,0.0,0.0,30.34,0.0,0.0
65.0,61.76,28.38,28.14,0.5,0.0,0.0,28.38,0.0,0.0
62.41,70.98,26.64,25.53,0.5,0.0,12.36,14.28,0.0,771.51
61.11,64.49,25.47,25.08,0.2368,0.0,11.12,14.35,0.0,679.67
60.71,58.91,25.06,24.31,0.0,0.0,0.0,25.06,0.0,0.0
60.37,56.0,24.96,24.53,0.0,0.0,0.0,24.96,0.0,0.0
60.92,53.24,25.48,25.01,0.0,12.36,0.0,37.84,0.0,-752.97
63.58,51.62,28.38,26.19,0.2375,12.36,0.0,40.74,0.0,-785.85
67.95,53.34,32.13,27.46,0.475,0.0,0.0,32.13,0.0,0.0
76.88,56.8,34.81,28.01,0.475,0.0,0.0,34.81,0.0,0.0
80.37,59.06,36.14,29.32,0.475,0.0,9.95,26.19,0.0,799.51
71.92,59.23,35.7,29.7,0.2632,0.0,12.36,23.34,0.0,889.07
68.25,57.85,34.63,30.51,0.0,0.0,0.0,34.63,0.0,0.0
66.95,56.41,32.83,28.98,0.0,0.0,0.0,32.83,0.0,0.0
64.2,55.32,31.47,28.08,0.0,0.0,0.0,31.47,0.0,0.0
63.93,53.2,31.33,27.27,0.0,4.01,0.0,35.34,0.0,-256.18
63.76,50.41,31.7,27.51,0.077,12.36,0.0,44.06,0.0,-788.07
69.83,49.02,32.98,28.07,0.3145,12.36,0.0,45.34,0.0,-863.1
81.29,50.7,36.68,29.17,0.552,12.36,0.0,49.04,0.0,-1004.74
82.5,55.65,38.1,31.63,0.7895,0.0,0.0,38.1,0.0,0.0
82.59,61.19,38.22,34.14,0.7895,0.0,12.36,25.86,0.0,1020.98
75.76,63.72,35.62,35.64,0.5263,0.0,12.36,23.26,0.0,936.19
72.55,59.85,32.81,34.81,0.2632,0.0,12.36,20.45,0.0,896.86
69.32,54.05,30.25,32.78,0.0,0.0,0.0,30.25,0.0,0.0
64.79,49.05,27.44,29.95,0.0,0.0,0.0,27.44,0.0,0.0
66.69,65.19,25.83,27.15,0.5,0.0,11.12,14.71,0.0,741.73
63.41,69.45,24.14,26.01,0.2632,0.0,12.36,11.78,0.0,783.87
60.44,61.89,23.12,25.95,0.0,0.0,0.0,23.12,0.0,0.0
58.59,56.86,22.52,24.92,0.0,0.0,0.0,22.52,0.0,0.0
58.6,54.54,22.41,25.33,0.0,4.01,0.0,26.42,0.0,-234.82
59.01,52.33,22.81,25.66,0.077,12.36,0.0,35.17,0.0,-729.36
59.6,51.12,24.27,26.44,0.3145,12.36,0.0,36.63,0.0,-736.66
61.94,53.48,25.81,27.06,0.552,12.36,0.0,38.17,0.0,-765.58
63.22,57.94,27.31,27.29,0.7895,0.0,0.0,27.31,0.0,0.0
64.02,61.27,29.17,29.39,0.7895,0.0,12.36,16.81,0.0,791.41
66.3,62.22,29.72,30.44,0.5263,0.0,12.36,17.36,0.0,819.29
66.15,60.77,29.78,31.09,0.2632,0.0,12.36,17.42,0.0,817.74
65.12,57.99,29.56,30.5,0.0,0.0,0.0,29.56,0.0,0.0
62.41,55.83,28.0,29.78,0.0,0.0,0.0,28.0,0.0,0.0
60.92,54.26,27.64,29.04,0.0,4.01,0.0,31.65,0.0,-244.12
62.41,52.75,28.05,28.5,0.077,12.36,0.0,40.41,0.0,-771.39
64.73,52.44,29.17,28.7,0.3145,12.36,0.0,41.53,0.0,-800.06
72.48,54.11,32.92,29.61,0.552,12.36,0.0,45.28,0.0,-895.85
80.32,57.64,34.65,31.89,0.7895,0.0,0.0,34.65,0.0,0.0
81.33,60.34,35.27,34.75,0.7895,0.0,12.36,22.91,0.0,1005.4
79.56,64.03,34.12,36.52,0.5263,0.0,12.36,21.76,0.0,983.15
72.88,61.2,32.23,35.56,0.2632,0.0,12.36,19.87,0.0,900.94
68.86,54.31,29.67,33.2,0.0,0.0,0.0,29.67,0.0,0.0
64.5,49.24,27.01,30.3,0.0,0.0,0.0,27.01,0.0,0.0
59.0,63.95,24.54,27.15,0.5,0.0,12.36,14.79,0.0,575.25
57.21,63.91,23.1,26.71,0.2368,0.0,11.12,15.59,0.0,429.88
54.83,56.58,22.44,26.15,0.0,2.6,0.0,28.75,0.0,-346.09
54.48,53.64,22.31,25.81,0.05,12.36,0.0,38.17,0.0,-864.05
54.83,52.5,22.78,25.88,0.2875,12.36,0.0,38.24,0.0,-847.67
59.23,52.37,24.83,25.96,0.525,12.36,0.0,38.32,0.0,-799.01
70.06,55.04,30.8,27.41,0.7625,12.36,0.0,39.77,0.0,-628.44
78.88,61.19,37.3,32.86,1.0,-0.0,0.0,32.86,0.0,350.23
85.23,68.45,42.04,38.93,1.0,0.0,0.0,38.93,0.0,265.07
83.79,72.51,43.44,42.59,1.0,0.0,11.15,31.44,0.0,1005.89
79.53,70.01,43.06,43.29,0.7625,0.0,0.0,43.29,0.0,-18.29
78.71,68.14,42.61,43.85,0.7625,0.0,0.0,43.85,0.0,-97.6
75.41,67.34,40.4,43.31,0.7625,0.0,0.0,43.31,0.0,-219.44
71.56,65.5,40.28,41.42,0.7625,0.0,0.0,41.42,0.0,-81.58
74.13,64.35,41.6,41.29,0.7625,12.36,0.0,53.65,0.0,-893.27
76.49,65.96,42.49,42.68,1.0,0.0,0.0,42.68,0.0,-14.53
80.11,70.96,43.64,43.54,1.0,0.0,0.0,43.54,0.0,8.01
86.65,77.82,45.42,44.5,1.0,0.0,9.89,34.61,0.0,936.51
88.16,84.48,45.25,45.63,0.7895,0.0,12.36,33.27,0.0,1056.16
83.88,87.37,44.01,46.01,0.5263,0.0,12.36,33.65,0.0,869.0
80.61,87.12,41.33,44.27,0.2632,0.0,12.36,31.91,0.0,759.35
72.58,74.7,38.31,41.86,-0.0,0.0,0.0,41.86,0.0,-257.66
69.28,67.97,34.52,38.93,0.0,0.0,-0.0,38.93,0.0,-305.52
66.26,65.67,31.06,35.35,0.0,0.0,-0.0,35.35,0.0,-284.26
63.57,55.05,28.01,26.17,0.5,0.0,12.36,13.81,0.0,902.69
61.18,44.78,26.32,28.11,0.2368,0.0,11.12,16.99,0.0,571.05
60.65,39.21,25.54,26.88,0.0,12.36,0.0,39.24,0.0,-830.9
60.68,36.89,25.39,26.37,0.2375,12.36,0.0,38.73,0.0,-809.47
61.06,35.08,25.58,26.28,0.475,12.36,0.0,38.64,0.0,-797.44
61.98,35.05,27.16,26.37,0.7125,12.36,0.0,38.73,0.0,-717.11
66.0,39.74,32.47,29.14,0.95,2.6,0.0,31.74,0.0,48.04
75.87,47.55,38.94,34.75,1.0,-0.0,0.0,34.75,0.0,317.9
81.83,55.41,43.76,39.95,1.0,0.0,0.0,39.95,0.0,311.77
79.39,59.03,44.96,43.55,1.0,0.0,12.36,31.19,0.0,1093.2
78.32,55.48,44.55,44.92,0.7368,0.0,0.0,44.92,0.0,-28.98
76.15,53.34,44.04,44.5,0.7368,0.0,0.0,44.5,0.0,-35.03
71.38,52.74,41.55,43.46,0.7368,0.0,0.0,43.46,0.0,-136.34
72.02,52.35,41.07,41.62,0.7368,1.34,0.0,42.96,0.0,-135.78
73.21,51.81,42.3,41.48,0.7625,12.36,0.0,53.84,0.0,-844.84
74.19,52.73,43.13,42.66,1.0,0.0,0.0,42.66,0.0,34.87
76.62,55.6,44.27,43.41,1.0,0.0,0.0,43.41,0.0,65.89
82.47,60.26,46.06,44.4,1.0,0.0,9.89,34.51,0.0,952.36
88.76,65.29,46.03,45.58,0.7895,0.0,12.36,33.22,0.0,1137.02
85.85,66.87,44.78,45.96,0.5263,0.0,12.36,33.6,0.0,959.8
75.47,63.59,41.91,44.18,0.2632,0.0,12.36,31.82,0.0,761.49
69.71,59.12,38.46,42.65,-0.0,0.0,0.0,42.65,0.0,-292.08
66.16,55.94,34.59,39.68,0.0,0.0,-0.0,39.68,0.0,-336.75
61.15,54.12,30.83,35.6,0.0,0.0,-0.0,35.6,0.0,-291.69
61.57,52.77,28.7,25.94,0.5,0.0,12.36,13.58,0.0,930.94
61.53,42.26,27.0,28.25,0.2368,0.0,0.0,28.25,0.0,-76.91
60.39,38.25,26.19,26.99,0.2368,2.64,0.0,29.63,0.0,-207.52
60.9,36.58,25.93,26.52,0.2875,12.36,0.0,38.88,0.0,-788.65
60.43,35.48,26.3,26.49,0.525,12.36,0.0,38.85,0.0,-758.4
63.04,36.31,27.77,26.64,0.7625,12.36,0.0,39.0,0.0,-707.94
69.54,41.78,33.12,29.31,1.0,-0.0,0.0,29.31,0.0,264.95
81.35,49.87,39.55,35.07,1.0,-0.0,0.0,35.07,0.0,364.45
90.13,58.93,44.2,40.52,1.0,0.0,0.0,40.52,0.0,331.68
91.19,63.56,45.37,44.0,1.0,0.0,12.36,31.64,0.0,1252.04
88.93,57.94,44.77,45.2,0.7368,0.0,0.0,45.2,0.0,-38.24
86.01,55.21,44.26,44.72,0.7368,12.36,0.0,57.08,0.0,-1102.65
80.56,55.35,41.94,43.78,0.9743,1.34,0.0,45.12,0.0,-255.8
79.48,56.76,41.53,41.97,1.0,0.0,0.0,41.97,0.0,-34.97
81.84,58.43,42.78,41.89,1.0,0.0,0.0,41.89,0.0,72.84
84.74,59.83,43.71,43.15,1.0,0.0,0.0,43.15,0.0,47.45
82.72,62.51,44.86,43.91,1.0,0.0,-0.0,43.91,0.0,78.58
88.31,66.12,46.82,44.83,1.0,0.0,9.89,34.94,0.0,1048.95
94.97,70.67,46.8,45.7,0.7895,0.0,12.36,33.34,0.0,1278.3
92.04,73.27,45.33,45.87,0.5263,0.0,12.36,33.51,0.0,1087.91
81.44,69.89,42.51,44.66,0.2632,0.0,12.36,32.3,0.0,831.5
76.42,63.77,39.03,42.41,0.0,0.0,-0.0,42.41,0.0,-258.3
68.98,58.37,35.11,39.43,0.0,0.0,-0.0,39.43,0.0,-297.99
64.21,55.05,31.24,35.52,0.0,0.0,-0.0,35.52,0.0,-274.82
64.65,53.29,28.72,25.9,0.5,0.0,12.36,16.36,0.0,799.2
63.42,48.01,27.05,27.38,0.2368,0.0,0.0,27.05,0.0,0.0
62.8,44.65,26.17,26.43,0.2368,12.36,0.0,38.53,0.0,-776.21
62.8,44.36,26.04,26.09,0.4743,12.36,0.0,38.4,0.0,-776.21
62.68,44.71,26.26,26.26,0.7118,12.36,0.0,38.62,0.0,-774.72
62.87,45.61,27.74,26.58,0.9493,2.64,0.0,30.38,0.0,-165.88
74.9,49.95,33.13,29.48,1.0,0.0,0.0,33.13,0.0,0.0
87.81,58.52,39.39,35.0,1.0,0.0,0.0,39.39,0.0,0.0
108.38,69.02,44.16,40.41,1.0,0.0,0.0,44.16,0.0,0.0
106.87,80.46,45.41,44.48,1.0,0.0,0.0,45.41,0.0,0.0
103.14,82.78,44.81,44.98,1.0,0.0,0.0,44.81,0.0,0.0
97.16,79.21,44.34,44.24,1.0,0.0,0.0,44.34,0.0,0.0
86.64,78.99,42.08,43.09,1.0,0.0,0.0,42.08,0.0,0.0
84.28,78.69,41.48,41.68,1.0,0.0,0.0,41.48,0.0,0.0
84.73,77.66,42.72,41.73,1.0,0.0,0.0,42.72,0.0,0.0
87.79,78.16,43.53,42.69,1.0,0.0,0.0,43.53,0.0,0.0
92.61,83.36,44.48,43.32,1.0,0.0,0.0,44.48,0.0,0.0
100.97,88.65,46.48,44.27,1.0,0.0,0.0,46.48,0.0,0.0
102.51,93.24,46.42,45.56,1.0,0.0,12.36,34.06,0.0,1267.23
96.85,100.33,44.92,45.8,0.7368,0.0,12.36,32.56,0.0,1196.8
89.88,102.5,42.18,44.33,0.4737,0.0,12.36,29.82,0.0,1111.09
76.5,89.73,38.78,42.78,0.2105,0.0,9.89,28.89,0.0,756.34
73.0,82.79,34.99,39.87,0.0,0.0,0.0,34.99,0.0,0.0
64.52,81.78,31.28,35.7,0.0,0.0,0.0,31.28,0.0,0.0
63.29,59.01,28.79,24.87,0.5,0.0,12.36,12.51,0.0,1030.36
60.64,40.57,27.08,26.56,0.2368,2.64,0.0,29.2,0.0,-128.34
57.8,38.96,26.21,25.93,0.2875,12.36,0.0,38.29,0.0,-698.22
55.9,38.02,25.92,25.6,0.525,12.36,0.0,37.96,0.0,-673.04
55.32,38.69,26.29,25.79,0.7625,12.36,0.0,38.15,0.0,-656.1
58.98,41.68,27.75,26.57,1.0,0.0,0.0,26.57,0.0,69.6
67.41,48.16,33.07,28.41,1.0,-0.0,0.0,28.41,0.0,314.13
78.57,57.87,39.38,34.43,1.0,-0.0,0.0,34.43,0.0,388.92
92.99,70.44,44.08,40.61,1.0,0.0,-0.0,40.61,0.0,322.68
89.05,83.48,45.46,44.47,1.0,0.0,0.0,44.47,0.0,88.16
80.55,85.91,44.76,44.92,1.0,0.0,-0.0,44.92,0.0,-12.89
74.45,82.47,44.16,43.93,1.0,0.0,0.0,43.93,0.0,17.12
68.22,82.41,41.81,42.5,1.0,0.0,0.0,42.5,0.0,-47.07
65.94,81.02,41.11,41.41,1.0,0.0,0.0,41.41,0.0,-19.78
65.08,78.23,42.16,41.88,1.0,0.0,0.0,41.88,0.0,18.22
66.16,79.72,42.86,42.71,1.0,0.0,0.0,42.71,0.0,9.92
69.19,85.86,43.99,43.3,1.0,0.0,0.0,43.3,0.0,47.74
78.23,90.47,45.87,44.35,1.0,0.0,9.89,34.46,0.0,892.45
77.74,92.76,46.11,45.64,0.7895,0.0,12.36,33.28,0.0,997.4
74.73,97.63,44.64,46.12,0.5263,0.0,12.36,33.76,0.0,813.06
72.58,98.03,41.83,45.22,0.2632,0.0,12.36,32.86,0.0,651.04
70.29,84.54,38.27,42.9,0.0,0.0,-0.0,42.9,0.0,-325.44
65.3,78.45,34.64,40.53,0.0,0.0,0.0,40.53,0.0,-384.62
59.64,79.72,30.99,36.59,-0.0,0.0,-0.0,36.59,0.0,-333.98
60.73,58.94,28.72,22.77,0.5,0.0,12.36,10.41,0.0,1111.97
54.69,48.2,26.85,28.95,0.2368,0.0,0.0,28.95,0.0,-114.85
53.14,45.79,25.9,28.47,0.2368,0.0,0.0,28.47,0.0,-136.57
51.0,44.29,25.48,27.17,0.2368,12.36,0.0,39.53,0.0,-716.55
49.9,43.13,25.36,26.27,0.4743,12.36,0.0,38.63,0.0,-662.17
50.84,42.95,25.95,26.25,0.7118,12.36,0.0,38.61,0.0,-643.63
55.61,44.71,28.68,27.49,0.9493,2.64,0.0,30.13,0.0,-80.43
62.87,48.31,32.53,29.58,1.0,0.0,0.0,29.58,0.0,185.47
65.73,52.6,35.09,31.24,1.0,0.0,12.36,18.88,0.0,1065.48
66.71,55.14,36.54,33.52,0.7368,0.0,12.36,21.16,0.0,1026.0
63.94,54.51,36.16,34.51,0.4737,0.0,12.36,22.15,0.0,895.8
63.0,51.56,35.16,35.75,0.2105,0.0,0.0,35.75,0.0,-37.17
60.58,47.85,33.14,35.61,0.2105,0.0,0.0,35.61,0.0,-149.63
54.22,44.79,31.59,33.5,0.2105,12.36,0.0,45.86,0.0,-773.72
55.28,43.69,31.37,32.36,0.448,12.36,0.0,44.72,0.0,-737.99
56.95,44.46,31.78,32.32,0.6855,12.36,0.0,44.68,0.0,-734.66
62.24,47.37,33.14,33.01,0.923,4.01,0.0,37.02,0.0,-241.23
68.1,51.0,36.75,34.38,1.0,0.0,0.0,34.38,0.0,161.4
80.32,54.37,38.46,36.67,1.0,0.0,9.89,26.78,0.0,937.98
79.52,56.3,38.44,38.57,0.7895,0.0,12.36,26.21,0.0,972.53
73.41,56.29,36.17,38.51,0.5263,0.0,12.36,26.15,0.0,735.57
69.11,54.89,33.42,37.08,0.2632,0.0,12.36,24.72,0.0,601.26
64.24,53.24,30.83,34.74,-0.0,0.0,0.0,34.74,0.0,-251.18
54.17,52.19,28.2,31.56,0.0,0.0,-0.0,31.56,0.0,-182.01
61.57,54.8,25.91,23.05,0.5,0.0,12.36,13.55,0.0,761.13
60.0,46.58,24.13,28.98,0.2368,0.0,0.0,24.13,0.0,0.0
58.41,44.61,23.14,28.33,0.2368,0.0,0.0,23.14,0.0,0.0
57.05,43.3,22.56,26.78,0.2368,12.36,0.0,34.92,0.0,-705.14
57.59,42.29,22.46,26.03,0.4743,12.36,0.0,34.82,0.0,-711.81
55.15,42.12,22.84,25.92,0.7118,12.36,0.0,35.2,0.0,-681.65
61.57,43.78,24.28,26.93,0.9493,2.64,0.0,26.92,0.0,-162.45
62.87,47.51,25.69,29.86,1.0,0.0,0.0,25.69,0.0,0.0
63.94,52.65,27.32,32.77,1.0,0.0,8.75,18.57,0.0,559.18
65.11,55.59,29.17,35.3,0.8138,0.0,12.36,16.81,0.0,804.58
63.8,54.51,29.84,35.11,0.5507,0.0,12.36,17.48,0.0,788.69
62.94,51.63,29.99,33.33,0.2875,0.0,0.0,29.99,0.0,0.0
62.11,48.61,29.79,31.92,0.2875,0.0,0.0,29.79,0.0,0.0
59.95,46.26,28.27,30.96,0.2875,12.36,0.0,40.63,0.0,-740.98
60.77,45.41,27.89,30.29,0.525,12.36,0.0,40.25,0.0,-751.12
59.36,46.15,28.32,29.72,0.7625,12.36,0.0,40.68,0.0,-733.69
63.43,48.71,29.22,30.06,1.0,0.0,0.0,29.22,0.0,0.0
68.04,52.62,32.84,31.28,1.0,0.0,0.0,32.84,0.0,0.0
74.3,58.39,34.91,34.43,1.0,0.0,12.36,22.55,0.0,918.49
76.87,63.76,35.49,35.6,0.7368,0.0,12.36,23.13,0.0,949.9
71.74,62.7,34.25,35.77,0.4737,0.0,12.36,21.89,0.0,886.85
66.95,57.69,32.29,34.8,0.2105,0.0,9.89,22.4,0.0,661.92
61.57,53.15,29.68,32.64,0.0,0.0,0.0,29.68,0.0,0.0
53.28,49.47,27.04,29.89,0.0,0.0,0.0,27.04,0.0,0.0
49.9,65.72,24.65,25.33,0.5,0.0,12.36,12.97,0.0,582.83
40.97,44.83,23.22,25.65,0.2368,0.0,11.12,14.53,0.0,356.19
40.42,31.84,22.53,24.74,0.0,12.36,0.0,37.1,0.0,-588.92
37.8,28.45,22.43,24.28,0.2375,12.36,0.0,36.64,0.0,-537.14
38.09,25.89,22.88,24.57,0.475,12.36,0.0,36.93,0.0,-535.16
47.01,28.21,24.92,25.69,0.7125,12.36,0.0,38.05,0.0,-617.24
60.21,35.32,30.86,26.79,0.95,2.6,0.0,29.39,0.0,88.38
63.83,45.23,37.3,32.1,1.0,-0.0,0.0,32.1,0.0,331.92
69.04,55.48,42.21,39.42,1.0,0.0,-0.0,39.42,0.0,192.62
70.89,65.92,43.67,44.12,1.0,0.0,12.36,31.76,0.0,844.3
64.88,65.49,43.24,44.67,0.7368,0.0,12.36,32.31,0.0,709.14
63.91,56.22,42.83,43.8,0.4737,0.0,0.0,43.8,0.0,-61.99
61.58,51.72,40.55,42.23,0.4737,2.67,0.0,44.9,0.0,-267.91
60.94,49.83,40.27,41.05,0.525,12.36,0.0,53.41,0.0,-800.75
63.46,49.31,41.64,41.53,0.7625,12.36,0.0,53.89,0.0,-777.39
67.29,52.37,42.46,42.37,1.0,0.0,0.0,42.37,0.0,6.06
70.72,56.05,43.47,42.93,1.0,0.0,0.0,42.93,0.0,38.19
73.62,61.29,45.35,43.99,1.0,0.0,9.89,34.1,0.0,828.08
77.1,68.38,45.29,45.55,0.7895,0.0,12.36,33.19,0.0,932.91
75.05,69.5,43.81,46.09,0.5263,0.0,12.36,33.73,0.0,756.5
73.42,64.25,41.12,44.92,0.2632,0.0,12.36,32.56,0.0,628.48
68.76,57.37,37.93,42.3,0.0,0.0,-0.0,42.3,0.0,-300.48
65.74,53.76,34.17,39.48,0.0,0.0,-0.0,39.48,0.0,-349.08
59.61,52.22,30.8,35.65,0.0,0.0,-0.0,35.65,0.0,-289.11
57.47,61.84,27.98,27.29,0.5,0.0,9.39,18.59,0.0,539.85
56.47,47.14,26.34,28.62,0.3,0.0,9.39,16.95,0.0,530.46
55.0,41.31,25.52,26.81,0.1,0.0,0.0,25.52,0.0,0.0
56.45,38.48,25.29,26.43,0.1,10.41,0.0,35.7,0.0,-587.56
56.53,35.86,25.56,26.61,0.3,10.41,0.0,35.97,0.0,-588.39
57.16,33.94,27.04,26.79,0.5,10.41,0.0,37.45,0.0,-594.95
64.94,36.51,32.22,28.42,0.7,10.41,0.0,42.63,0.0,-675.92
73.35,44.22,38.74,34.55,0.9,5.2,0.0,43.94,0.0,-381.73
84.8,51.75,43.59,40.97,1.0,0.0,0.0,43.59,0.0,0.0
86.21,59.37,44.89,44.85,1.0,0.0,9.39,35.5,0.0,809.82
79.73,59.02,44.38,45.01,0.8,0.0,9.39,34.99,0.0,748.95
73.58,53.96,43.8,44.02,0.6,0.0,0.0,43.8,0.0,0.0
69.54,50.65,41.25,42.49,0.6,0.0,0.0,41.25,0.0,0.0
68.68,48.55,40.59,41.13,0.6,10.41,0.0,51.0,0.0,-714.85
71.25,47.8,41.9,41.58,0.8,10.41,0.0,52.31,0.0,-741.6
74.84,49.09,42.74,42.43,1.0,0.0,0.0,42.74,0.0,0.0
81.55,52.42,43.72,42.99,1.0,0.0,0.0,43.72,0.0,0.0
86.92,58.03,45.98,44.02,1.0,0.0,9.39,36.59,0.0,816.49
83.54,64.57,46.02,45.49,0.8,0.0,9.39,36.63,0.0,784.74
82.85,66.09,44.63,46.23,0.6,0.0,9.39,35.24,0.0,778.26
74.74,62.72,41.52,45.21,0.4,0.0,9.39,32.13,0.0,702.08
70.46,57.6,38.27,42.51,0.2,0.0,4.7,33.57,0.0,330.94
65.32,54.86,34.25,39.87,0.1,0.0,0.0,34.25,0.0,0.0
62.28,53.41,30.64,35.63,0.1,0.0,4.7,25.94,0.0,292.52
61.23,61.93,28.39,28.9,0.5,0.0,12.36,16.54,0.0,725.58
60.82,49.24,26.75,29.12,0.2368,0.0,11.12,18.0,0.0,532.42
60.01,42.06,25.9,27.06,0.0,2.6,0.0,29.66,0.0,-225.76
59.94,39.18,25.73,26.52,0.05,12.36,0.0,38.88,0.0,-788.21
59.42,36.72,26.0,26.71,0.2875,12.36,0.0,39.07,0.0,-776.62
61.38,34.86,27.58,26.96,0.525,12.36,0.0,39.32,0.0,-720.6
65.5,36.67,33.03,28.35,0.7625,12.36,0.0,40.71,0.0,-503.04
72.42,44.29,39.49,34.26,1.0,-0.0,0.0,34.26,0.0,378.76
85.43,52.27,44.22,40.81,1.0,0.0,-0.0,40.81,0.0,291.32
89.23,59.43,45.76,44.6,1.0,0.0,0.0,44.6,0.0,103.51
84.85,59.44,45.34,45.16,1.0,0.0,-0.0,45.16,0.0,15.27
79.44,56.73,44.91,44.77,1.0,0.0,0.0,44.77,0.0,11.12
69.13,56.53,42.36,44.08,1.0,0.0,0.0,44.08,0.0,-118.9
67.68,56.61,41.73,42.45,1.0,0.0,0.0,42.45,0.0,-48.73
75.17,57.02,42.94,42.38,1.0,0.0,0.0,42.38,0.0,42.1
78.88,57.42,43.7,43.34,1.0,0.0,0.0,43.34,0.0,28.4
80.9,59.21,44.72,43.96,1.0,0.0,0.0,43.96,0.0,61.48
82.8,61.76,46.73,44.66,1.0,0.0,12.36,32.3,0.0,1194.8
80.81,63.71,46.66,45.53,0.7368,0.0,12.36,33.17,0.0,1090.13
76.22,62.99,44.91,45.82,0.4737,0.0,12.36,33.46,0.0,872.72
70.26,59.84,41.79,44.59,0.2105,0.0,9.89,34.7,0.0,498.0
67.63,56.57,38.47,42.81,0.0,0.0,-0.0,42.81,0.0,-293.51
61.39,54.54,34.54,40.2,0.0,0.0,-0.0,40.2,0.0,-347.47
58.38,50.91,30.94,37.03,0.0,0.0,-0.0,37.03,0.0,-355.53
53.92,63.11,28.23,32.63,0.5,0.0,12.36,15.87,0.0,666.56
46.55,43.48,26.7,29.49,0.2368,0.0,0.0,26.7,0.0,0.0
44.94,40.03,25.96,27.79,0.2368,2.64,0.0,28.6,0.0,-118.58
44.65,36.54,25.8,27.37,0.2875,12.36,0.0,38.16,0.0,-551.87
44.7,34.92,26.07,27.53,0.525,12.36,0.0,38.43,0.0,-552.49
47.49,35.56,27.55,27.55,0.7625,12.36,0.0,39.91,0.0,-586.98
62.06,41.2,32.84,28.92,1.0,0.0,0.0,32.84,0.0,0.0
69.2,50.35,39.26,32.97,1.0,0.0,0.0,39.26,0.0,0.0
75.99,61.79,43.93,39.93,1.0,0.0,12.36,31.57,0.0,939.39
73.65,69.76,45.13,44.24,0.7368,0.0,12.36,32.77,0.0,910.11
68.15,62.69,44.55,44.69,0.4737,0.0,12.36,32.19,0.0,842.47
66.56,56.13,43.91,43.91,0.2105,0.0,0.0,43.91,0.0,0.0
63.32,52.24,41.52,42.09,0.2105,12.36,0.0,53.88,0.0,-782.64
61.35,49.61,41.0,41.42,0.448,12.36,0.0,53.36,0.0,-758.29
63.81,49.13,42.2,42.02,0.6855,12.36,0.0,54.56,0.0,-788.69
67.34,52.34,42.96,42.59,0.923,4.01,0.0,46.97,0.0,-269.85
69.83,57.48,44.23,43.06,1.0,0.0,0.0,44.23,0.0,0.0
82.86,63.91,46.33,44.03,1.0,0.0,0.0,46.33,0.0,0.0
85.46,71.7,46.39,45.49,1.0,0.0,9.89,36.5,0.0,844.92
81.48,81.2,44.97,45.87,0.7895,0.0,12.36,32.61,0.0,1007.25
71.22,88.76,41.7,44.59,0.5263,0.0,12.36,29.34,0.0,880.09
67.93,76.83,38.28,42.07,0.2632,0.0,12.36,25.92,0.0,839.75
62.72,71.01,34.48,39.13,0.0,0.0,0.0,34.48,0.0,0.0
59.0,65.66,30.5,35.06,0.0,0.0,0.0,30.5,0.0,0.0
53.11,50.66,22.35,25.74,0.5,0.0,0.0,22.35,0.0,0.0
45.87,52.13,20.85,28.37,0.5,0.0,0.0,20.85,0.0,0.0
39.15,48.24,20.08,26.13,0.5,1.3,0.0,21.38,0.0,-50.94
36.0,46.03,19.84,26.19,0.525,12.36,0.0,32.2,0.0,-444.96
39.0,43.56,20.21,25.81,0.7625,12.36,0.0,32.57,0.0,-482.04
39.0,51.59,21.7,26.32,1.0,0.0,0.0,21.7,0.0,0.0
53.1,53.85,25.95,28.41,1.0,0.0,0.0,25.95,0.0,0.0
65.41,64.89,30.79,33.01,1.0,0.0,12.36,18.43,0.0,808.6
71.08,72.85,34.26,36.54,0.7368,0.0,12.36,21.9,0.0,878.36
69.19,71.63,35.64,40.65,0.4737,0.0,12.36,23.28,0.0,855.33
65.64,63.8,35.41,43.05,0.2105,0.0,9.89,25.52,0.0,648.97
64.0,58.95,34.98,43.11,0.0,0.0,0.0,34.98,0.0,0.0
62.8,52.89,33.73,42.4,0.0,2.6,0.0,36.33,0.0,-163.41
58.65,47.62,33.05,41.72,0.05,12.36,0.0,45.41,0.0,-724.91
59.84,44.1,33.91,40.1,0.2875,12.36,0.0,46.27,0.0,-739.62
65.0,44.54,34.89,39.65,0.525,12.36,0.0,47.25,0.0,-803.4
67.95,48.23,36.3,41.61,0.7625,12.36,0.0,48.66,0.0,-839.86
73.71,53.16,39.14,42.72,1.0,0.0,0.0,39.14,0.0,0.0
74.02,60.31,39.36,44.23,1.0,0.0,9.89,29.47,0.0,731.82
74.57,68.94,38.43,43.54,0.7895,0.0,12.36,26.07,0.0,921.83
68.14,68.55,36.19,42.05,0.5263,0.0,12.36,23.83,0.0,842.03
61.56,62.12,33.61,40.09,0.2632,0.0,12.36,21.25,0.0,761.0
58.38,57.65,30.25,37.22,0.0,0.0,0.0,30.25,0.0,0.0
54.31,55.49,26.89,33.95,0.0,0.0,0.0,26.89,0.0,0.0
50.56,51.05,27.93,30.99,0.5,0.0,12.36,18.63,0.0,470.21
47.5,47.2,26.29,28.7,0.2368,0.0,8.78,19.92,0.0,302.37
45.7,41.84,25.38,25.65,0.05,12.36,0.0,38.01,0.0,-577.19
43.14,37.94,24.88,24.96,0.2875,12.36,0.0,37.32,0.0,-536.66
42.71,37.43,24.89,24.43,0.525,12.36,0.0,36.79,0.0,-508.25
42.9,41.92,25.38,25.0,0.7625,12.36,0.0,37.36,0.0,-513.94
50.87,47.05,28.03,27.03,1.0,-0.0,0.0,27.03,0.0,50.87
59.99,56.48,31.76,31.29,1.0,-0.0,0.0,31.29,0.0,28.2
62.37,69.29,34.52,34.66,1.0,0.0,-0.0,34.66,0.0,-8.73
65.0,78.19,36.32,37.06,1.0,0.0,0.0,37.06,0.0,-48.1
62.33,79.88,36.13,38.96,1.0,0.0,0.0,38.96,0.0,-176.39
61.03,80.15,35.38,40.62,1.0,0.0,0.0,40.62,0.0,-319.8
55.87,80.11,33.48,38.25,1.0,0.0,0.0,38.25,0.0,-266.5
52.8,80.6,31.89,34.14,1.0,0.0,0.0,34.14,0.0,-118.8
51.95,81.81,31.69,32.82,1.0,0.0,0.0,32.82,0.0,-58.7
52.74,84.63,31.94,32.64,1.0,0.0,0.0,32.64,0.0,-36.92
54.0,85.55,32.76,33.16,1.0,0.0,-0.0,33.16,0.0,-21.6
63.36,88.37,35.46,33.99,1.0,0.0,12.36,21.63,0.0,876.27
67.1,97.34,38.16,35.71,0.7368,0.0,12.36,23.35,0.0,993.75
68.2,97.95,37.86,36.27,0.4737,0.0,12.36,23.91,0.0,951.39
67.09,88.08,35.33,37.31,0.2105,0.0,9.89,27.42,0.0,530.55
60.15,81.73,32.51,36.12,-0.0,0.0,0.0,36.12,0.0,-217.14
56.07,75.41,29.93,33.55,0.0,-0.0,0.0,33.55,0.0,-202.97
51.02,69.72,27.22,31.12,0.0,0.0,-0.0,31.12,0.0,-198.98
53.99,54.31,28.13,28.65,0.5,0.0,12.36,15.77,0.0,667.42
49.27,46.94,26.49,26.48,0.2368,0.0,0.0,26.49,0.0,0.0
47.8,43.98,25.3,24.74,0.2368,2.64,0.0,27.94,0.0,-126.12
44.0,41.86,24.86,23.43,0.2875,12.36,0.0,37.22,0.0,-543.84
42.65,41.57,24.78,23.78,0.525,12.36,0.0,37.14,0.0,-527.15
42.5,43.74,25.55,23.68,0.7625,12.36,0.0,37.91,0.0,-525.3
49.27,47.94,28.01,24.13,1.0,0.0,0.0,28.01,0.0,0.0
54.0,51.96,30.56,25.27,1.0,0.0,0.0,30.56,0.0,0.0
55.82,53.58,33.34,28.36,1.0,0.0,0.0,33.34,0.0,0.0
54.0,56.78,34.25,31.46,1.0,0.0,12.36,21.89,0.0,667.55
47.85,59.39,33.92,32.4,0.7368,0.0,12.36,21.56,0.0,591.3
44.9,58.74,32.76,32.25,0.4737,0.0,12.36,20.4,0.0,555.05
43.22,53.83,31.46,30.33,0.2105,0.0,0.0,31.46,0.0,0.0
40.1,47.25,30.07,28.64,0.2105,12.36,0.0,42.43,0.0,-495.64
39.48,43.34,29.46,28.51,0.448,12.36,0.0,41.82,0.0,-487.97
39.64,44.71,29.37,29.04,0.6855,12.36,0.0,41.73,0.0,-489.95
45.0,50.61,29.87,30.07,0.923,4.01,0.0,33.88,0.0,-180.33
53.99,56.31,31.95,31.81,1.0,0.0,0.0,31.95,0.0,0.0
68.72,72.14,35.78,34.71,1.0,0.0,9.89,25.89,0.0,679.42
71.65,95.61,37.1,38.83,0.7895,0.0,12.36,24.74,0.0,885.74
67.05,84.16,35.56,37.65,0.5263,0.0,12.36,23.2,0.0,828.56
60.4,73.75,32.79,35.96,0.2632,0.0,12.36,20.43,0.0,746.66
55.92,68.63,29.8,33.89,0.0,0.0,0.0,29.8,0.0,0.0
50.07,59.71,27.34,31.35,0.0,0.0,0.0,27.34,0.0,0.0
54.73,52.95,26.85,28.62,0.5,0.0,12.36,16.26,0.0,579.59
51.62,45.99,25.28,24.78,0.2368,0.0,0.0,24.78,0.0,25.81
48.97,41.73,24.42,20.96,0.2368,12.36,0.0,33.32,0.0,-435.83
48.91,38.77,24.15,21.62,0.4743,12.36,0.0,33.98,0.0,-480.79
48.88,38.43,24.3,23.96,0.7118,12.36,0.0,36.32,0.0,-587.54
52.36,41.96,25.83,28.03,0.9493,2.64,0.0,30.67,0.0,-253.23
57.09,51.16,30.23,31.69,1.0,0.0,0.0,31.69,0.0,-83.35
64.42,57.89,35.02,33.37,1.0,0.0,12.36,21.01,0.0,902.52
77.43,62.31,39.19,37.59,0.7368,0.0,12.36,25.23,0.0,1080.92
67.17,61.49,39.6,32.19,0.4737,0.0,12.36,19.83,0.0,1327.95
60.2,56.48,38.89,32.19,0.2105,0.0,9.89,22.3,0.0,998.6
55.46,52.14,38.21,34.44,-0.0,0.0,0.0,34.44,0.0,209.08
50.41,47.22,35.9,34.77,0.0,4.01,0.0,38.78,0.0,-144.97
49.94,43.69,35.6,33.39,0.077,12.36,0.0,45.75,0.0,-506.89
51.2,44.47,36.7,32.61,0.3145,12.36,0.0,44.97,0.0,-423.42
53.35,46.01,37.15,33.89,0.552,12.36,0.0,46.25,0.0,-485.49
57.49,47.48,37.54,35.1,0.7895,0.0,0.0,35.1,0.0,140.28
61.46,49.19,37.3,34.44,0.7895,0.0,0.0,34.44,0.0,175.78
62.72,50.52,37.71,33.97,0.7895,0.0,0.0,33.97,0.0,234.57
73.56,54.1,38.32,36.18,0.7895,0.0,12.36,23.82,0.0,1066.62
77.9,58.22,39.21,38.51,0.5263,0.0,12.36,26.15,0.0,1017.37
64.29,56.0,36.52,37.86,0.2632,0.0,12.36,25.5,0.0,708.48
54.67,49.23,32.96,34.72,0.0,0.0,-0.0,34.72,0.0,-96.22
47.99,44.64,29.45,30.85,0.0,0.0,-0.0,30.85,0.0,-67.19
53.81,46.12,23.03,27.5,0.5,12.36,0.0,35.39,0.0,-665.09
49.63,60.33,21.63,24.6,0.7375,0.0,9.92,11.71,0.0,492.31
48.23,60.15,20.83,22.76,0.5263,0.0,0.0,20.83,0.0,0.0
47.77,59.12,20.77,21.82,0.5263,0.0,0.0,20.77,0.0,0.0
48.22,60.45,21.17,21.92,0.5263,0.0,12.36,8.81,0.0,595.87
54.18,60.77,22.98,21.82,0.2632,0.0,12.36,10.62,0.0,669.77
60.22,53.74,27.05,21.7,0.0,0.0,0.0,27.05,0.0,0.0
70.0,52.99,32.8,23.51,0.0,0.0,0.0,32.8,0.0,0.0
73.09,53.02,37.29,27.45,0.0,0.0,0.0,37.29,0.0,0.0
68.46,53.36,37.9,27.69,0.0,0.0,0.0,37.9,0.0,0.0
65.02,51.22,37.51,26.42,0.0,0.0,0.0,37.51,0.0,0.0
61.2,45.67,37.2,27.37,0.0,0.0,0.0,37.2,0.0,0.0
56.66,39.11,35.21,27.36,0.0,2.6,0.0,37.81,0.0,-147.44
56.14,32.59,35.17,23.96,0.05,12.36,0.0,47.53,0.0,-693.89
61.63,27.31,36.11,21.67,0.2875,12.36,0.0,48.47,0.0,-761.75
65.19,32.15,36.43,20.86,0.525,12.36,0.0,48.79,0.0,-805.75
67.48,38.72,36.89,21.04,0.7625,12.36,0.0,49.25,0.0,-834.05
62.5,46.99,36.6,21.75,1.0,0.0,0.0,36.6,0.0,0.0
60.73,51.62,36.62,22.8,1.0,0.0,0.0,36.62,0.0,0.0
65.82,57.22,36.51,24.47,1.0,0.0,0.0,36.51,0.0,0.0
70.75,74.05,37.14,26.8,1.0,0.0,12.36,24.78,0.0,874.61
64.13,84.03,35.89,29.48,0.7368,0.0,12.36,23.53,0.0,792.47
59.87,76.16,32.26,29.51,0.4737,0.0,12.36,19.9,0.0,740.11
52.58,66.63,28.88,28.87,0.2105,0.0,9.89,18.99,0.0,519.85
40.72,57.8,24.62,27.12,0.5,0.0,12.36,14.76,0.0,401.5
39.78,47.22,23.17,25.36,0.2368,0.0,8.78,16.58,0.0,261.98
38.87,38.74,21.98,24.93,0.05,12.36,0.0,37.29,0.0,-595.1
35.0,35.87,21.48,24.31,0.2875,12.36,0.0,36.67,0.0,-531.65
34.0,34.81,21.04,23.59,0.525,12.36,0.0,35.95,0.0,-506.94
29.99,37.23,20.21,23.18,0.7625,12.36,0.0,35.54,0.0,-459.75
30.64,43.72,20.21,23.28,1.0,0.0,0.0,23.28,0.0,-94.06
30.51,51.1,21.33,26.82,1.0,0.0,9.89,16.93,0.0,134.18
32.18,55.12,22.77,31.33,0.7895,0.0,12.36,18.97,0.0,122.28
30.0,56.28,24.06,32.05,0.5263,0.0,12.36,19.69,0.0,131.1
31.38,52.43,24.29,31.35,0.2632,0.0,12.36,18.99,0.0,166.31
28.89,45.78,24.34,28.54,0.0,0.0,0.0,28.54,0.0,-121.34
22.07,39.01,24.16,27.29,-0.0,12.36,0.0,39.65,0.0,-341.86
15.0,32.22,23.08,26.14,0.2375,12.36,0.0,38.5,0.0,-231.3
10.0,30.6,22.48,25.24,0.475,12.36,0.0,37.6,0.0,-151.2
15.06,35.01,22.43,24.97,0.7125,12.36,0.0,37.33,0.0,-224.39
25.0,41.91,22.73,25.01,0.95,2.6,0.0,27.61,0.0,-122.05
26.33,48.82,23.44,25.39,1.0,0.0,-0.0,25.39,0.0,-51.34
35.8,51.54,24.83,26.25,1.0,-0.0,0.0,26.25,0.0,-50.84
46.7,54.84,27.13,27.6,1.0,0.0,0.0,27.6,0.0,-21.95
54.59,65.67,28.28,29.21,1.0,0.0,9.89,19.32,0.0,489.02
60.04,72.68,28.9,30.93,0.7895,0.0,12.36,18.57,0.0,620.21
49.88,75.7,27.07,31.12,0.5263,0.0,12.36,18.76,0.0,414.5
44.91,69.06,24.83,29.33,0.2632,0.0,12.36,16.97,0.0,352.99
60.0,63.02,34.59,26.99,0.5,0.0,12.36,14.63,0.0,1197.6
58.61,55.78,32.22,29.32,0.2368,0.0,11.12,18.2,0.0,821.95
55.11,47.77,30.93,29.16,0.0,12.36,0.0,41.52,0.0,-583.61
53.38,46.17,30.32,28.03,0.2375,12.36,0.0,40.39,0.0,-537.54
51.8,44.89,30.23,28.01,0.475,12.36,0.0,40.37,0.0,-525.25
51.92,45.47,30.8,28.39,0.7125,12.36,0.0,40.75,0.0,-516.6
60.88,49.1,34.08,29.43,0.95,2.6,0.0,32.03,0.0,124.68
65.26,56.88,39.67,34.01,1.0,-0.0,0.0,34.01,0.0,369.37
71.79,62.53,45.25,40.12,1.0,0.0,0.0,40.12,0.0,368.28
72.1,65.25,47.13,44.14,1.0,0.0,12.36,31.78,0.0,1106.74
70.28,66.03,47.01,45.6,0.7368,0.0,12.36,33.24,0.0,967.76
69.1,62.95,46.51,45.84,0.4737,0.0,0.0,45.84,0.0,46.3
56.54,58.29,45.15,45.85,0.4737,0.0,0.0,45.85,0.0,-39.58
56.57,55.09,45.34,45.84,0.4737,12.36,0.0,58.2,0.0,-727.49
60.14,55.45,46.4,45.97,0.7112,12.36,0.0,58.33,0.0,-717.47
66.41,57.54,46.89,46.22,0.9487,0.0,0.0,46.22,0.0,44.49
71.01,59.31,47.22,46.43,0.9487,0.0,0.0,46.43,0.0,56.1
71.67,60.55,46.8,46.56,0.9487,0.0,0.0,46.56,0.0,17.2
72.39,61.88,46.12,46.36,0.9487,0.0,0.0,46.36,0.0,-17.37
73.05,63.57,44.7,45.6,0.9487,0.0,7.48,38.12,0.0,480.51
75.12,64.66,43.62,44.29,0.7895,0.0,12.36,31.93,0.0,878.15
74.96,64.51,42.79,43.28,0.5263,0.0,12.36,30.92,0.0,889.78
61.83,64.68,39.89,43.07,0.2632,0.0,12.36,30.71,0.0,567.6
55.88,63.49,36.25,40.71,-0.0,0.0,0.0,40.71,0.0,-249.22
44.99,65.62,31.93,38.85,0.5,12.36,0.0,51.21,0.0,-867.41
44.82,80.04,30.15,35.36,0.7375,0.0,12.36,23.0,0.0,320.46
41.74,74.99,29.02,32.88,0.4743,0.0,0.0,32.88,0.0,-161.12
40.64,69.76,28.33,30.61,0.4743,0.0,0.0,30.61,0.0,-92.66
40.67,67.92,28.3,29.63,0.4743,12.36,0.0,41.99,0.0,-556.77
42.43,68.08,29.14,29.33,0.7118,12.36,0.0,41.69,0.0,-532.5
45.0,69.46,31.37,29.52,0.9493,0.0,0.0,29.52,0.0,83.25
46.7,71.56,35.72,31.35,0.9493,0.0,0.0,31.35,0.0,204.08
51.16,73.41,40.48,35.39,0.9493,0.0,0.0,35.39,0.0,260.4
51.64,75.03,42.17,40.24,0.9493,0.0,0.0,40.24,0.0,99.67
48.44,74.21,42.51,43.6,0.9493,0.0,0.0,43.6,0.0,-52.8
49.0,71.94,42.88,44.91,0.9493,0.0,0.0,44.91,0.0,-99.47
46.34,69.77,41.71,45.88,0.9493,0.0,0.0,45.88,0.0,-193.24
45.0,69.17,41.73,46.19,0.9493,2.64,0.0,48.83,0.0,-319.34
46.76,69.83,42.14,46.49,1.0,0.0,0.0,46.49,0.0,-203.41
45.0,70.92,42.19,46.65,1.0,0.0,0.0,46.65,0.0,-200.7
48.73,72.16,42.26,46.37,1.0,0.0,0.0,46.37,0.0,-200.28
50.63,75.72,42.06,46.11,1.0,0.0,0.0,46.11,0.0,-205.05
52.06,78.51,41.79,45.71,1.0,0.0,0.0,45.71,0.0,-204.08
56.74,80.42,41.13,44.79,1.0,0.0,9.89,34.9,0.0,353.38
56.13,80.92,40.67,43.14,0.7895,0.0,12.36,30.78,0.0,555.13
55.67,81.19,39.32,43.07,0.5263,0.0,12.36,30.71,0.0,479.32
47.13,81.04,36.17,41.33,0.2632,0.0,12.36,28.97,0.0,339.34
44.24,77.55,33.29,38.31,-0.0,0.0,0.0,38.31,0.0,-222.08
44.83,71.81,26.12,35.7,0.5,0.0,0.0,26.12,0.0,0.0
41.76,75.53,24.64,34.7,0.5,0.0,9.98,14.66,0.0,416.79
40.14,72.44,23.95,32.04,0.2875,0.0,0.0,23.95,0.0,0.0
39.64,69.39,23.62,30.34,0.2875,0.0,0.0,23.62,0.0,0.0
40.14,68.48,23.86,29.75,0.2875,0.0,0.0,23.86,0.0,0.0
43.16,67.98,25.67,29.68,0.2875,12.36,0.0,38.03,0.0,-533.46
53.0,67.31,29.85,29.76,0.525,12.36,0.0,42.21,0.0,-655.08
57.03,67.8,34.32,29.96,0.7625,12.36,0.0,46.68,0.0,-704.89
71.43,71.19,39.32,31.3,1.0,0.0,0.0,39.32,0.0,0.0
70.04,77.82,40.85,33.47,1.0,0.0,0.0,40.85,0.0,0.0
70.97,82.33,41.18,35.64,1.0,0.0,12.36,28.82,0.0,877.33
70.97,80.25,41.4,37.21,0.7368,0.0,12.36,29.04,0.0,877.0
57.0,76.51,39.97,37.19,0.4737,0.0,0.0,39.97,0.0,0.0
70.91,70.9,40.24,36.89,0.4737,12.36,0.0,52.6,0.0,-876.45
70.97,70.41,41.35,37.03,0.7112,12.36,0.0,53.71,0.0,-877.19
71.93,75.98,41.88,36.76,0.9487,0.0,0.0,41.88,0.0,0.0
71.5,78.68,42.11,36.59,0.9487,0.0,0.0,42.11,0.0,0.0
72.96,78.34,41.62,36.95,0.9487,0.0,0.0,41.62,0.0,0.0
73.95,76.4,41.06,37.25,0.9487,0.0,0.0,41.06,0.0,0.0
74.57,79.24,41.17,36.82,0.9487,0.0,7.48,33.69,0.0,557.58
74.23,87.72,41.05,37.98,0.7895,0.0,12.36,28.69,0.0,917.63
74.15,89.35,38.53,38.31,0.5263,0.0,12.36,26.17,0.0,916.29
56.53,81.56,34.94,36.19,0.2632,0.0,12.36,22.58,0.0,698.82
55.32,75.81,32.05,33.67,0.0,0.0,0.0,32.05,0.0,0.0
42.0,69.91,27.58,31.79,0.5,12.36,0.0,39.94,0.0,-519.12
41.88,65.64,26.26,29.3,0.7375,12.36,0.0,38.62,0.0,-517.64
42.0,65.1,25.49,28.01,0.975,1.3,0.0,26.79,0.0,-54.64
41.0,63.99,25.19,27.41,1.0,0.0,0.0,25.19,0.0,0.0
41.86,63.47,25.62,26.98,1.0,0.0,0.0,25.62,0.0,0.0
54.18,64.03,26.71,22.16,1.0,0.0,0.0,26.71,0.0,0.0
69.99,66.2,31.5,22.1,1.0,0.0,11.15,20.35,0.0,780.73
72.99,71.19,35.97,23.09,0.7625,0.0,11.15,24.82,0.0,814.2
73.16,77.71,39.7,25.38,0.525,0.0,11.15,28.55,0.0,816.09
81.78,81.04,40.13,29.59,0.2875,0.0,0.0,40.13,0.0,0.0
66.93,78.73,39.91,34.18,0.2875,0.0,0.0,39.91,0.0,0.0
71.13,75.24,39.52,37.9,0.2875,0.0,0.0,39.52,0.0,0.0
57.66,69.76,37.59,38.66,0.2875,12.36,0.0,49.95,0.0,-712.68
58.61,65.85,37.39,38.34,0.525,12.36,0.0,49.75,0.0,-724.42
64.4,67.19,38.41,38.17,0.7625,12.36,0.0,50.77,0.0,-795.98
64.72,71.53,38.87,38.05,1.0,0.0,0.0,38.87,0.0,0.0
68.09,75.51,39.3,38.2,1.0,0.0,11.15,28.15,0.0,759.54
70.98,78.42,39.32,38.5,0.7625,0.0,11.15,28.17,0.0,791.77
70.99,81.41,40.09,38.89,0.525,0.0,11.15,28.94,0.0,791.89
75.36,89.98,41.57,40.03,0.2875,0.0,11.15,30.42,0.0,840.63
73.16,96.86,39.26,42.32,0.05,0.0,2.35,36.91,0.0,171.81
65.0,88.85,36.2,40.66,0.0,0.0,0.0,36.2,0.0,0.0
56.0,79.5,32.71,37.87,0.0,0.0,0.0,32.71,0.0,0.0
41.0,76.24,29.57,34.87,0.0,0.0,0.0,29.57,0.0,0.0
35.63,68.48,23.9,31.45,0.5,0.0,12.36,11.54,0.0,440.46
33.6,60.06,22.57,23.95,0.2368,0.0,0.0,22.57,0.0,0.0
31.86,58.79,21.64,21.39,0.2368,0.0,0.0,21.64,0.0,0.0
32.07,56.92,21.22,21.89,0.2368,2.64,0.0,23.86,0.0,-84.62
32.46,55.27,21.3,22.21,0.2875,12.36,0.0,33.66,0.0,-401.21
33.49,53.75,22.18,22.52,0.525,12.36,0.0,34.54,0.0,-413.94
38.23,55.72,24.43,23.18,0.7625,12.36,0.0,36.79,0.0,-472.52
42.28,60.95,26.85,25.12,1.0,0.0,0.0,26.85,0.0,0.0
44.03,63.51,29.14,29.34,1.0,0.0,0.0,29.14,0.0,0.0
45.0,63.58,30.27,35.35,1.0,0.0,0.0,30.27,0.0,0.0
45.14,62.3,30.39,38.84,1.0,0.0,0.0,30.39,0.0,0.0
54.0,61.35,30.16,38.86,1.0,0.0,0.0,30.16,0.0,0.0
43.27,61.41,29.36,37.85,1.0,0.0,0.0,29.36,0.0,0.0
40.26,61.32,28.35,36.34,1.0,0.0,0.0,28.35,0.0,0.0
42.89,61.53,28.41,35.26,1.0,0.0,0.0,28.41,0.0,0.0
43.77,62.52,28.66,35.44,1.0,0.0,0.0,28.66,0.0,0.0
47.56,63.79,29.84,35.17,1.0,0.0,0.0,29.84,0.0,0.0
57.46,65.34,32.76,33.52,1.0,0.0,0.0,32.76,0.0,0.0
55.38,67.91,33.9,35.18,1.0,0.0,12.36,21.54,0.0,684.61
55.83,69.93,34.11,37.02,0.7368,0.0,12.36,21.75,0.0,689.91
45.6,69.38,32.1,37.49,0.4737,0.0,12.36,19.74,0.0,563.71
42.68,66.71,29.66,35.54,0.2105,0.0,9.89,19.77,0.0,421.97
36.66,63.73,27.14,33.3,0.0,0.0,0.0,27.14,0.0,0.0
31.3,61.92,24.81,30.17,0.0,0.0,0.0,24.81,0.0,0.0
42.7,65.24,23.86,27.39,0.5,0.0,0.0,23.86,0.0,0.0
37.22,69.23,22.34,26.59,0.5,0.0,12.36,9.98,0.0,460.11
35.4,68.65,21.69,25.23,0.2368,0.0,11.12,10.57,0.0,393.72
34.46,63.48,21.46,23.98,0.0,0.0,0.0,21.46,0.0,0.0
35.4,58.92,21.95,24.22,0.0,12.36,0.0,34.31,0.0,-437.54
39.15,57.87,24.1,25.75,0.2375,12.36,0.0,36.46,0.0,-483.89
49.23,58.47,29.96,26.19,0.475,12.36,0.0,42.32,0.0,-608.48
56.77,60.69,36.27,28.01,0.7125,0.0,0.0,36.27,0.0,0.0
60.01,63.83,40.41,32.64,0.7125,0.0,0.0,40.41,0.0,0.0
60.51,66.43,41.5,39.0,0.7125,0.0,12.36,29.14,0.0,748.02
59.38,69.04,41.22,39.34,0.4493,0.0,12.36,28.86,0.0,733.78
56.12,65.58,40.8,38.58,0.1862,0.0,8.75,32.05,0.0,490.79
53.45,59.91,38.73,39.31,0.0,0.0,0.0,38.73,0.0,0.0
52.14,55.54,38.7,38.77,0.0,0.0,0.0,38.7,0.0,0.0
54.0,55.94,40.25,36.91,0.0,0.0,0.0,40.25,0.0,0.0
58.03,57.21,41.21,34.69,0.0,0.0,0.0,41.21,0.0,0.0
60.81,58.42,42.75,34.54,0.0,0.0,0.0,42.75,0.0,0.0
70.85,58.06,44.01,35.16,0.0,0.0,0.0,44.01,0.0,0.0
66.9,57.3,43.04,36.81,0.0,0.0,0.0,43.04,0.0,0.0
63.95,56.64,42.01,36.32,0.0,0.0,0.0,42.01,0.0,0.0
59.06,54.84,39.76,34.96,0.0,0.0,0.0,39.76,0.0,0.0
52.79,51.67,36.75,33.26,0.0,0.0,0.0,36.75,0.0,0.0
49.77,50.91,33.09,31.32,0.0,0.0,0.0,33.09,0.0,0.0
47.43,52.81,29.79,29.2,0.0,0.0,0.0,29.79,0.0,0.0
46.61,45.96,28.23,26.94,0.5,0.0,0.0,28.23,0.0,0.0
43.96,44.44,26.74,29.34,0.5,12.36,0.0,39.1,0.0,-543.35
40.41,43.25,25.88,26.59,0.7375,12.36,0.0,38.24,0.0,-499.47
40.28,42.0,25.59,26.33,0.975,1.3,0.0,26.89,0.0,-52.41
39.54,41.43,26.05,25.97,1.0,0.0,0.0,26.05,0.0,0.0
43.78,42.08,27.68,26.4,1.0,0.0,0.0,27.68,0.0,0.0
55.55,44.62,33.05,28.45,1.0,0.0,12.36,20.69,0.0,686.71
61.2,49.99,39.06,33.27,0.7368,0.0,12.36,26.7,0.0,756.27
64.77,57.73,43.47,38.64,0.4737,0.0,12.36,31.11,0.0,800.69
61.09,64.6,44.15,41.37,0.2105,0.0,0.0,44.15,0.0,0.0
52.11,57.15,43.27,43.03,0.2105,12.36,0.0,55.63,0.0,-644.08
48.74,48.07,42.53,43.27,0.448,12.36,0.0,54.89,0.0,-602.43
45.44,44.38,40.02,42.93,0.6855,12.36,0.0,52.38,0.0,-561.64
44.16,42.37,39.5,41.29,0.923,4.01,0.0,43.51,0.0,-176.96
46.2,43.05,40.68,39.72,1.0,0.0,0.0,40.68,0.0,0.0
54.26,45.5,41.45,40.36,1.0,0.0,0.0,41.45,0.0,0.0
58.01,51.56,42.53,41.25,1.0,0.0,12.36,30.17,0.0,717.12
67.0,62.45,44.12,41.79,0.7368,0.0,12.36,31.76,0.0,827.94
79.57,73.59,46.27,43.55,0.4737,0.0,12.36,33.91,0.0,983.64
79.02,81.84,44.97,44.49,0.2105,0.0,9.89,35.08,0.0,781.25
66.55,77.83,42.1,43.19,0.0,0.0,0.0,42.1,0.0,0.0
59.04,68.52,38.2,41.22,0.0,0.0,0.0,38.2,0.0,0.0
53.65,61.36,34.34,38.35,0.0,0.0,0.0,34.34,0.0,0.0
49.04,56.61,30.55,34.83,0.0,0.0,0.0,30.55,0.0,0.0
47.67,48.84,28.66,31.52,0.5,0.0,0.0,28.66,0.0,0.0
47.16,50.83,27.08,28.06,0.5,0.0,0.0,27.08,0.0,0.0
44.62,50.66,26.13,27.2,0.5,0.0,0.0,26.13,0.0,0.0
42.0,48.29,25.85,26.47,0.5,0.0,0.0,25.85,0.0,0.0
42.6,46.59,26.22,25.47,0.5,12.36,0.0,38.58,0.0,-526.54
47.11,46.09,27.69,26.42,0.7375,12.36,0.0,40.05,0.0,-582.28
62.39,48.25,33.18,30.25,0.975,1.3,0.0,34.48,0.0,-81.17
63.05,53.53,38.97,34.99,1.0,0.0,0.0,38.97,0.0,0.0
65.57,60.13,42.98,39.56,1.0,0.0,12.36,30.62,0.0,810.57
64.14,68.62,43.66,43.2,0.7368,0.0,12.36,31.3,0.0,792.6
53.07,59.4,42.6,44.14,0.4737,0.0,12.36,30.24,0.0,656.05
49.74,49.06,41.71,44.05,0.2105,4.01,0.0,45.72,0.0,-199.32
45.38,46.36,39.14,42.48,0.2875,12.36,0.0,51.5,0.0,-560.9
44.77,44.58,38.76,39.81,0.525,12.36,0.0,51.12,0.0,-553.36
49.16,46.79,40.16,39.25,0.7625,12.36,0.0,52.52,0.0,-607.62
58.05,53.05,41.07,40.08,1.0,0.0,0.0,41.07,0.0,0.0
65.31,58.76,42.19,40.5,1.0,0.0,0.0,42.19,0.0,0.0
70.53,66.55,43.83,41.13,1.0,0.0,0.0,43.83,0.0,0.0
84.18,73.24,45.65,42.86,1.0,0.0,12.36,33.29,0.0,1040.63
80.0,79.44,44.57,43.68,0.7368,0.0,12.36,32.21,0.0,988.58
70.2,76.55,41.94,42.48,0.4737,0.0,12.36,29.58,0.0,867.81
64.21,68.63,38.37,40.58,0.2105,0.0,9.89,28.48,0.0,634.83
58.33,61.52,34.45,37.75,0.0,0.0,0.0,34.45,0.0,0.0
51.86,57.42,30.93,34.16,0.0,0.0,0.0,30.93,0.0,0.0
48.0,50.05,28.28,31.6,0.5,12.36,0.0,43.96,0.0,-752.64
47.1,57.51,26.66,28.07,0.7375,0.0,9.98,18.09,0.0,403.68
45.3,54.2,25.8,27.18,0.525,0.0,0.0,27.18,0.0,-62.51
44.18,51.28,25.59,26.79,0.525,12.36,0.0,39.15,0.0,-599.08
45.77,51.58,25.86,26.05,0.7625,12.36,0.0,38.41,0.0,-574.41
49.04,55.35,27.43,26.03,1.0,0.0,0.0,26.03,0.0,68.66
60.57,62.06,32.71,27.52,1.0,-0.0,0.0,27.52,0.0,314.36
65.87,68.16,38.54,32.38,1.0,0.0,0.0,32.38,0.0,405.76
67.38,74.41,42.72,38.61,1.0,0.0,12.36,26.25,0.0,1109.75
64.59,80.39,43.25,43.04,0.7368,0.0,12.36,30.68,0.0,811.9
52.86,77.8,42.21,43.57,0.4737,0.0,12.36,31.21,0.0,581.46
48.08,70.92,40.93,42.92,0.2105,0.0,9.89,33.03,0.0,379.74
44.11,63.58,38.36,40.62,0.0,0.0,0.0,40.62,0.0,-99.69
43.45,57.51,37.72,38.32,-0.0,12.36,0.0,50.68,0.0,-563.11
44.87,53.79,38.89,38.32,0.2375,12.36,0.0,50.68,0.0,-529.02
53.0,52.55,39.85,39.38,0.475,12.36,0.0,51.74,0.0,-630.17
58.38,56.72,40.86,39.95,0.7125,12.36,0.0,52.31,0.0,-668.45
63.8,63.13,42.65,40.78,0.95,0.0,0.0,40.78,0.0,119.31
73.94,69.48,44.66,42.63,0.95,0.0,12.36,30.27,0.0,1064.0
71.42,77.0,43.42,43.49,0.6868,0.0,12.36,31.13,0.0,877.75
66.79,76.83,40.81,42.25,0.4237,0.0,12.36,29.89,0.0,729.35
60.87,68.9,37.04,40.43,0.1605,0.0,7.54,32.89,0.0,252.59
55.62,63.05,33.16,37.53,0.0,0.0,-0.0,37.53,0.0,-243.06
49.99,58.73,29.7,33.4,0.0,0.0,-0.0,33.4,0.0,-184.96
50.09,52.18,28.12,31.02,0.5,12.36,0.0,43.38,0.0,-764.37
47.96,58.06,26.4,27.71,0.7375,0.0,9.98,17.73,0.0,415.85
46.11,54.08,25.4,26.28,0.525,0.0,0.0,26.28,0.0,-40.58
46.15,51.27,25.03,25.2,0.525,12.36,0.0,37.56,0.0,-578.26
46.14,51.22,24.98,25.48,0.7625,12.36,0.0,37.84,0.0,-593.36
46.91,54.67,25.56,26.4,1.0,0.0,0.0,26.4,0.0,-39.4
54.4,62.02,28.36,27.22,1.0,0.0,-0.0,27.22,0.0,62.02
59.32,69.3,31.55,27.76,1.0,0.0,0.0,27.76,0.0,224.82
59.76,77.06,33.84,30.51,1.0,0.0,12.36,18.15,0.0,937.63
57.75,85.14,34.96,33.51,0.7368,0.0,12.36,21.15,0.0,797.53
51.05,83.52,34.23,34.15,0.4737,0.0,12.36,21.79,0.0,635.06
45.86,75.54,33.1,32.95,0.2105,0.0,9.89,23.06,0.0,460.34
41.96,68.69,31.19,30.83,-0.0,0.0,0.0,30.83,0.0,15.11
40.8,60.68,29.72,27.84,0.0,12.36,0.0,40.2,0.0,-427.58
41.46,53.17,29.58,25.69,0.2375,12.36,0.0,38.05,0.0,-351.17
45.0,45.04,29.93,25.46,0.475,12.36,0.0,37.82,0.0,-355.05
53.72,54.27,30.99,26.75,0.7125,12.36,0.0,39.11,0.0,-436.21
66.28,67.35,34.05,28.72,0.95,2.6,0.0,31.32,0.0,180.8
73.79,84.99,37.4,31.59,1.0,0.0,12.36,19.23,0.0,1340.76
73.67,104.36,37.69,33.5,0.7368,0.0,12.36,21.14,0.0,1219.24
70.45,96.34,35.52,34.99,0.4737,0.0,12.36,22.63,0.0,908.1
64.51,83.9,32.61,34.96,0.2105,0.0,9.89,25.07,0.0,486.28
55.67,73.7,29.96,34.2,0.0,-0.0,0.0,34.2,0.0,-236.04
51.93,62.88,27.28,31.65,0.0,0.0,-0.0,31.65,0.0,-226.93
57.98,46.95,25.76,30.53,0.5,0.0,0.0,25.76,0.0,0.0
57.61,49.8,24.17,24.58,0.5,0.0,12.36,11.81,0.0,712.17
54.29,47.35,23.11,22.92,0.2368,0.0,0.0,23.11,0.0,0.0
51.7,44.13,22.6,22.6,0.2368,2.64,0.0,25.24,0.0,-136.41
51.66,41.69,22.44,22.37,0.2875,12.36,0.0,34.8,0.0,-638.52
50.87,40.75,22.85,22.49,0.525,12.36,0.0,35.21,0.0,-628.75
54.21,42.27,24.25,23.09,0.7625,12.36,0.0,36.61,0.0,-670.04
57.18,44.96,24.93,23.86,1.0,0.0,0.0,24.93,0.0,0.0
54.06,47.72,26.36,26.18,1.0,0.0,0.0,26.36,0.0,0.0
53.65,49.66,27.99,29.09,1.0,0.0,8.75,19.24,0.0,469.19
52.37,51.13,28.5,30.74,0.8138,0.0,12.36,16.14,0.0,647.15
49.16,50.34,28.8,30.65,0.5507,0.0,12.36,16.44,0.0,607.71
46.86,47.27,28.3,29.26,0.2875,0.0,0.0,28.3,0.0,0.0
41.33,43.68,26.43,25.89,0.2875,12.36,0.0,38.79,0.0,-510.84
45.05,41.84,26.01,24.17,0.525,12.36,0.0,38.37,0.0,-556.82
48.63,42.27,26.43,24.24,0.7625,12.36,0.0,38.79,0.0,-601.07
54.66,46.72,27.36,25.42,1.0,0.0,0.0,27.36,0.0,0.0
62.84,58.7,30.1,27.05,1.0,0.0,0.0,30.1,0.0,0.0
74.34,75.88,33.83,29.9,1.0,0.0,9.89,23.94,0.0,734.98
76.16,91.26,34.61,32.45,0.7895,0.0,12.36,22.25,0.0,941.49
75.62,92.59,33.92,33.82,0.5263,0.0,12.36,21.56,0.0,934.46
71.75,82.76,32.16,33.83,0.2632,0.0,12.36,19.8,0.0,886.97
61.79,72.23,29.17,32.25,0.0,0.0,0.0,29.17,0.0,0.0
56.34,65.92,26.44,30.07,0.0,0.0,0.0,26.44,0.0,0.0
48.34,49.63,24.18,31.9,0.5,0.0,0.0,24.18,0.0,0.0
46.31,50.65,22.77,26.82,0.5,0.0,0.0,22.77,0.0,0.0
44.81,48.05,22.16,25.92,0.5,0.0,0.0,22.16,0.0,0.0
42.79,45.91,22.03,25.69,0.5,1.3,0.0,23.33,0.0,-55.67
44.99,43.85,22.53,22.82,0.525,12.36,0.0,34.89,0.0,-556.08
48.38,43.43,24.57,24.35,0.7625,12.36,0.0,36.93,0.0,-597.98
63.76,46.35,30.88,27.88,1.0,0.0,0.0,30.88,0.0,0.0
68.42,52.1,36.99,32.53,1.0,0.0,0.0,36.99,0.0,0.0
78.77,58.34,41.71,38.6,1.0,0.0,12.36,29.35,0.0,973.75
74.34,66.36,42.52,39.19,0.7368,0.0,12.36,30.16,0.0,918.64
63.71,65.28,41.82,35.38,0.4737,0.0,12.36,29.46,0.0,787.58
61.15,54.01,41.15,35.65,0.2105,0.0,7.54,33.61,0.0,460.97
53.93,47.49,38.69,35.21,0.05,12.36,0.0,51.05,0.0,-666.57
55.44,44.47,38.53,34.63,0.2875,12.36,0.0,50.89,0.0,-685.24
60.51,44.62,39.74,35.32,0.525,12.36,0.0,52.1,0.0,-747.9
62.84,47.62,40.56,36.95,0.7625,12.36,0.0,52.92,0.0,-776.7
68.67,54.63,41.52,38.85,1.0,0.0,0.0,41.52,0.0,0.0
81.45,65.38,43.07,40.34,1.0,0.0,0.0,43.07,0.0,0.0
85.15,73.22,44.61,42.25,1.0,0.0,12.36,32.25,0.0,1052.62
82.98,80.07,43.68,43.15,0.7368,0.0,12.36,31.32,0.0,1025.41
75.4,80.13,41.11,42.13,0.4737,0.0,12.36,28.75,0.0,932.09
70.01,70.48,37.52,40.23,0.2105,0.0,9.89,27.63,0.0,692.17
63.81,62.89,33.66,37.23,0.0,0.0,0.0,33.66,0.0,0.0
61.27,58.17,30.25,32.82,0.0,0.0,0.0,30.25,0.0,0.0
53.44,45.44,27.52,27.62,0.5,0.0,12.36,15.26,0.0,655.17
53.16,45.02,26.09,28.81,0.2368,0.0,0.0,28.81,0.0,-144.6
50.91,40.8,25.32,26.07,0.2368,2.64,0.0,28.71,0.0,-172.4
49.95,39.48,25.03,26.0,0.2875,12.36,0.0,38.36,0.0,-665.83
49.67,39.19,25.34,25.79,0.525,12.36,0.0,38.15,0.0,-636.27
52.86,40.56,26.8,26.05,0.7625,12.36,0.0,38.41,0.0,-613.7
56.98,44.1,32.2,27.92,1.0,-0.0,0.0,27.92,0.0,243.87
61.95,50.31,38.09,32.4,1.0,0.0,-0.0,32.4,0.0,352.5
65.7,57.44,42.41,38.13,1.0,0.0,12.36,25.77,0.0,1093.25
61.8,62.28,43.05,42.1,0.7368,0.0,12.36,29.74,0.0,822.56
55.8,58.46,42.17,42.85,0.4737,0.0,12.36,30.49,0.0,651.74
53.46,50.44,41.31,41.69,0.2105,0.0,7.54,34.15,0.0,382.75
49.66,45.26,38.82,40.57,0.05,12.36,0.0,52.93,0.0,-700.7
49.58,40.91,38.39,38.48,0.2875,12.36,0.0,50.84,0.0,-617.27
53.29,40.15,39.83,38.37,0.525,12.36,0.0,50.73,0.0,-580.86
56.41,42.61,40.92,39.3,0.7625,12.36,0.0,51.66,0.0,-605.84
62.4,47.71,41.89,40.02,1.0,0.0,0.0,40.02,0.0,116.69
72.83,57.98,43.3,40.72,1.0,0.0,-0.0,40.72,0.0,187.9
78.46,71.41,45.36,42.38,1.0,0.0,9.89,32.49,0.0,1009.62
77.86,84.13,44.17,43.3,0.7895,0.0,12.36,30.94,0.0,1030.09
66.64,84.64,41.63,42.05,0.5263,0.0,12.36,29.69,0.0,795.68
61.97,72.48,37.92,40.2,0.2632,0.0,12.36,27.84,0.0,624.66
54.66,63.88,33.85,37.53,0.0,0.0,0.0,37.53,0.0,-201.15
51.73,58.24,30.45,34.22,-0.0,-0.0,0.0,34.22,0.0,-195.02
54.33,45.43,27.73,27.83,0.5,0.0,12.36,15.37,0.0,671.63
50.91,44.81,26.27,28.94,0.2368,0.0,8.77,17.5,0.0,446.67
48.92,40.26,25.48,26.52,0.05,12.36,0.0,37.84,0.0,-604.65
49.0,38.68,25.28,26.11,0.2875,12.36,0.0,37.64,0.0,-605.64
51.91,38.24,25.7,25.88,0.525,12.36,0.0,38.06,0.0,-641.61
54.33,39.72,27.1,26.1,0.7625,12.36,0.0,39.46,0.0,-671.52
63.1,43.64,32.87,27.83,1.0,0.0,0.0,32.87,0.0,0.0
64.67,50.97,38.35,32.33,1.0,0.0,7.54,30.81,0.0,487.51
63.12,58.88,42.47,38.29,0.8395,0.0,12.36,30.11,0.0,780.29
61.65,63.64,43.11,42.0,0.5763,0.0,12.36,30.75,0.0,761.83
57.97,57.96,42.13,42.59,0.3132,0.0,12.36,29.77,0.0,716.62
54.46,49.73,41.39,41.63,0.05,0.0,0.0,41.39,0.0,0.0
50.92,44.8,39.1,40.94,0.05,12.36,0.0,51.46,0.0,-629.37
50.0,40.96,38.61,38.95,0.2875,12.36,0.0,50.97,0.0,-618.0
54.46,40.92,39.97,38.75,0.525,12.36,0.0,52.33,0.0,-673.13
55.66,43.56,40.82,39.64,0.7625,12.36,0.0,53.18,0.0,-687.96
63.99,49.0,42.01,40.2,1.0,0.0,0.0,42.01,0.0,0.0
68.54,59.65,42.86,40.76,1.0,0.0,0.0,42.86,0.0,0.0
80.81,73.26,44.92,42.29,1.0,0.0,12.36,32.56,0.0,998.97
79.92,85.03,43.69,43.31,0.7368,0.0,12.36,31.33,0.0,987.59
70.73,83.95,41.32,42.11,0.4737,0.0,12.36,28.96,0.0,874.36
66.17,72.04,37.72,40.24,0.2105,0.0,9.89,27.83,0.0,654.21
59.98,63.48,33.78,37.51,0.0,0.0,0.0,33.78,0.0,0.0
55.93,57.99,30.18,34.16,0.0,0.0,0.0,30.18,0.0,0.0
59.33,56.15,28.18,31.35,0.5,0.0,12.36,18.99,0.0,545.24
57.35,30.87,26.72,23.02,0.2368,0.0,8.78,14.24,0.0,715.48
55.39,25.52,25.91,21.34,0.05,12.36,0.0,33.7,0.0,-431.49
55.11,20.77,25.68,21.78,0.2875,12.36,0.0,34.14,0.0,-466.23
55.66,17.63,26.1,21.6,0.525,12.36,0.0,33.96,0.0,-437.49
61.65,20.21,27.39,22.54,0.7625,12.36,0.0,34.9,0.0,-462.99
69.8,30.02,32.9,25.26,1.0,-0.0,0.0,25.26,0.0,533.27
71.06,42.47,38.1,29.96,1.0,0.0,12.36,17.6,0.0,1456.73
75.32,45.13,42.32,35.91,0.7368,0.0,12.36,23.55,0.0,1413.76
66.48,42.78,43.0,38.3,0.4737,0.0,12.36,25.94,0.0,1134.15
58.99,40.1,41.99,36.64,0.2105,0.0,0.0,36.64,0.0,315.6
55.2,37.77,41.3,37.8,0.2105,4.01,0.0,41.81,0.0,-27.92
51.3,34.95,38.91,37.86,0.2875,12.36,0.0,50.22,0.0,-580.2
51.52,34.28,38.4,36.25,0.525,12.36,0.0,48.61,0.0,-526.02
54.75,35.85,39.84,36.82,0.7625,12.36,0.0,49.18,0.0,-511.36
56.17,38.24,40.82,38.06,1.0,0.0,0.0,38.06,0.0,155.03
62.51,43.98,41.75,39.15,1.0,0.0,-0.0,39.15,0.0,162.53
67.98,56.0,42.71,40.14,1.0,0.0,-0.0,40.14,0.0,174.71
79.65,68.8,44.79,41.95,1.0,0.0,12.36,29.59,0.0,1210.68
79.12,75.53,43.71,43.02,0.7368,0.0,12.36,30.66,0.0,1032.52
68.62,77.73,41.38,41.92,0.4737,0.0,12.36,29.56,0.0,811.09
67.78,68.25,37.91,40.07,0.2105,0.0,9.89,30.18,0.0,523.8
60.23,62.33,33.81,37.36,-0.0,0.0,0.0,37.36,0.0,-213.82
56.02,57.87,30.38,33.65,0.0,0.0,-0.0,33.65,0.0,-183.19
56.85,48.95,28.03,32.04,0.5,0.0,12.36,19.68,0.0,474.7
54.3,45.87,26.62,26.22,0.2368,0.0,0.0,26.22,0.0,21.72
52.49,42.13,25.73,24.89,0.2368,0.0,0.0,24.89,0.0,44.09
50.5,38.66,25.5,24.41,0.2368,12.36,0.0,36.77,0.0,-569.13
50.48,36.47,25.86,23.36,0.4743,12.36,0.0,35.72,0.0,-497.73
56.47,36.57,27.21,24.04,0.7118,12.36,0.0,36.4,0.0,-518.96
63.0,41.81,32.61,26.87,0.9493,2.64,0.0,29.51,0.0,195.53
66.1,49.55,37.78,31.09,1.0,0.0,0.0,31.09,0.0,442.21
70.6,56.29,42.22,36.98,1.0,0.0,12.36,24.62,0.0,1242.56
64.73,61.87,42.65,39.49,0.7368,0.0,12.36,27.13,0.0,1004.61
60.5,58.54,41.63,37.41,0.4737,0.0,12.36,25.05,0.0,1003.09
56.75,50.12,40.91,37.65,0.2105,0.0,9.89,27.76,0.0,746.15
53.84,44.84,38.49,36.28,0.0,2.6,0.0,38.88,0.0,-21.11
51.42,41.66,37.88,34.63,0.05,12.36,0.0,46.99,0.0,-468.44
53.77,36.53,38.87,35.46,0.2875,12.36,0.0,47.82,0.0,-481.24
55.0,34.71,39.61,36.55,0.525,12.36,0.0,48.91,0.0,-511.5
57.14,40.44,40.43,37.95,0.7625,12.36,0.0,50.31,0.0,-564.54
62.2,52.04,41.28,39.2,1.0,0.0,-0.0,39.2,0.0,129.38
67.71,65.87,43.8,41.23,1.0,0.0,9.89,31.34,0.0,843.53
67.54,74.59,42.63,42.21,0.7895,0.0,12.36,29.85,0.0,863.16
64.2,75.43,40.2,40.99,0.5263,0.0,12.36,28.63,0.0,742.79
58.76,66.05,36.75,38.44,0.2632,0.0,12.36,26.08,0.0,626.97
52.7,61.39,32.92,35.52,0.0,0.0,0.0,35.52,0.0,-137.02
47.73,57.36,29.61,31.77,-0.0,-0.0,0.0,31.77,0.0,-103.1
49.67,47.58,28.74,31.49,0.5,0.0,12.36,19.13,0.0,477.33
48.81,43.35,27.16,25.17,0.2368,0.0,11.12,14.05,0.0,640.09
45.94,39.88,25.83,23.22,0.0,0.0,0.0,23.22,0.0,119.9
46.33,37.06,25.26,23.89,-0.0,2.6,0.0,26.49,0.0,-57.08
44.62,33.61,25.22,23.37,0.05,12.36,0.0,35.73,0.0,-468.96
46.97,30.35,26.13,23.51,0.2875,12.36,0.0,35.87,0.0,-457.49
53.8,30.56,28.7,24.26,0.525,12.36,0.0,36.62,0.0,-426.1
59.68,35.29,31.57,25.45,0.7625,12.36,0.0,37.81,0.0,-372.4
60.72,42.15,34.42,28.3,1.0,0.0,0.0,28.3,0.0,371.61
59.0,45.68,35.86,31.24,1.0,0.0,12.36,18.88,0.0,1001.82
52.36,47.01,35.46,33.03,0.7368,0.0,12.36,20.67,0.0,774.4
43.81,45.68,34.21,33.93,0.4737,0.0,12.36,21.57,0.0,553.76
41.36,42.29,32.64,33.02,0.2105,0.0,7.54,25.48,0.0,296.12
34.67,27.88,31.17,31.12,0.05,12.36,0.0,43.48,0.0,-426.79
35.28,28.87,30.53,30.24,0.2875,12.36,0.0,42.6,0.0,-425.83
40.24,34.16,30.67,30.37,0.525,12.36,0.0,42.73,0.0,-485.29
45.08,33.78,31.4,31.0,0.7625,12.36,0.0,43.36,0.0,-539.16
54.75,43.35,34.51,32.22,1.0,0.0,-0.0,32.22,0.0,125.38
68.78,61.37,38.14,34.85,1.0,0.0,0.0,34.85,0.0,226.29
67.39,74.35,38.59,37.65,1.0,0.0,12.36,25.29,0.0,896.29
62.0,74.61,36.62,36.8,0.7368,0.0,12.36,24.44,0.0,755.16
57.44,69.74,33.81,35.82,0.4737,0.0,12.36,23.46,0.0,594.5
52.67,62.14,30.73,34.7,0.2105,0.0,9.89,24.81,0.0,311.7
44.35,57.27,28.02,32.19,-0.0,0.0,0.0,32.19,0.0,-184.94
46.19,62.86,26.0,32.33,0.5,0.0,12.36,19.97,0.0,278.53
42.71,36.7,24.23,28.19,0.2368,0.0,0.0,28.19,0.0,-169.13
37.34,32.94,23.29,27.38,0.2368,12.36,0.0,39.74,0.0,-614.24
34.07,30.75,22.62,26.14,0.4743,12.36,0.0,38.5,0.0,-541.03
34.05,33.87,22.52,25.37,0.7118,12.36,0.0,37.73,0.0,-517.9
34.97,34.08,23.31,25.31,0.9493,2.64,0.0,27.95,0.0,-162.13
43.46,35.88,24.45,26.43,1.0,0.0,0.0,26.43,0.0,-86.05
45.55,39.0,25.18,27.96,1.0,0.0,0.0,27.96,0.0,-126.63
44.64,42.15,26.93,32.25,1.0,0.0,0.0,32.25,0.0,-237.48
45.0,44.03,28.77,35.42,1.0,0.0,12.36,23.06,0.0,256.95
42.43,43.88,29.39,35.21,0.7368,0.0,12.36,22.85,0.0,277.49
37.38,42.26,29.66,34.6,0.4737,0.0,8.74,25.86,0.0,142.22
33.54,39.42,29.15,33.47,0.2875,0.0,0.0,33.47,0.0,-144.89
31.0,36.47,27.68,31.19,0.2875,12.36,0.0,43.55,0.0,-491.97
31.01,35.25,27.06,30.02,0.525,12.36,0.0,42.38,0.0,-475.07
36.84,36.64,27.48,30.03,0.7625,12.36,0.0,42.39,0.0,-549.28
45.98,41.53,28.22,30.62,1.0,0.0,0.0,30.62,0.0,-110.35
54.72,48.95,30.84,32.12,1.0,0.0,-0.0,32.12,0.0,-70.04
65.47,55.18,34.5,35.3,1.0,0.0,0.0,35.3,0.0,-52.38
70.0,66.07,35.61,38.19,1.0,0.0,12.36,25.83,0.0,684.6
68.93,68.36,34.86,38.04,0.7368,0.0,12.36,25.68,0.0,632.78
63.05,64.72,32.97,36.05,0.4737,0.0,12.36,23.69,0.0,585.1
58.6,58.91,29.92,34.32,0.2105,0.0,9.89,24.43,0.0,321.6
47.1,56.23,26.98,31.57,-0.0,0.0,0.0,31.57,0.0,-216.19
41.73,60.78,24.77,33.07,0.5,0.0,12.36,20.71,0.0,169.42
37.25,36.05,23.4,28.28,0.2368,0.0,8.78,19.5,0.0,145.11
37.0,31.71,22.52,27.69,0.05,12.36,0.0,40.05,0.0,-648.61
36.37,30.11,22.32,26.75,0.2875,12.36,0.0,39.11,0.0,-610.65
37.15,29.1,22.71,26.25,0.525,12.36,0.0,38.61,0.0,-590.68
45.44,29.01,25.03,25.9,0.7625,12.36,0.0,38.26,0.0,-601.17
61.36,36.2,30.94,26.86,1.0,-0.0,0.0,26.86,0.0,250.35
65.0,44.66,36.49,30.62,1.0,0.0,12.36,18.26,0.0,1184.95
68.06,47.44,41.43,37.68,0.7368,0.0,12.36,25.32,0.0,1096.45
64.7,46.04,42.46,40.27,0.4737,0.0,12.36,27.91,0.0,941.38
55.78,42.59,41.9,43.33,0.2105,0.0,9.89,33.44,0.0,471.79
49.61,38.18,41.08,43.64,0.0,2.6,0.0,46.24,0.0,-256.09
49.77,33.62,38.91,41.6,0.05,12.36,0.0,53.96,0.0,-749.04
49.77,32.24,38.59,39.31,0.2875,12.36,0.0,51.67,0.0,-650.99
52.76,33.31,39.48,38.76,0.525,12.36,0.0,51.12,0.0,-614.13
56.62,37.6,39.86,39.4,0.7625,12.36,0.0,51.76,0.0,-673.78
64.25,45.54,40.6,40.35,1.0,-0.0,0.0,40.35,0.0,16.06
74.74,55.25,42.46,40.99,1.0,-0.0,0.0,40.99,0.0,109.87
82.91,63.8,44.47,42.42,1.0,0.0,12.36,30.06,0.0,1194.73
82.71,71.92,43.68,43.78,0.7368,0.0,12.36,31.42,0.0,1014.02
77.15,73.8,41.61,42.78,0.4737,0.0,12.36,30.42,0.0,863.31
72.36,63.72,38.7,40.92,0.2105,0.0,9.89,31.03,0.0,554.86
62.17,58.7,34.53,38.06,0.0,0.0,-0.0,38.06,0.0,-219.46
52.63,56.28,30.95,34.0,0.0,0.0,-0.0,34.0,0.0,-160.52
52.53,51.17,27.44,29.15,0.5,0.0,11.12,16.32,0.0,584.24
51.45,55.9,26.03,28.93,0.2632,0.0,12.36,13.67,0.0,636.02
49.23,50.91,25.2,26.81,0.0,0.0,0.0,25.2,0.0,0.0
49.22,45.53,25.08,26.02,0.0,2.6,0.0,27.68,0.0,-128.08
49.21,41.68,25.38,25.87,0.05,12.36,0.0,37.74,0.0,-608.24
52.07,42.51,26.68,25.84,0.2875,12.36,0.0,39.04,0.0,-643.59
67.0,43.0,32.22,26.97,0.525,12.36,0.0,44.58,0.0,-828.12
68.94,45.51,37.28,31.53,0.7625,12.36,0.0,49.64,0.0,-852.1
70.78,51.6,41.77,37.56,1.0,0.0,12.36,29.41,0.0,874.98
65.7,57.61,42.41,40.12,0.7368,0.0,12.36,30.05,0.0,811.87
56.83,58.36,41.56,41.71,0.4737,0.0,12.36,29.2,0.0,702.53
52.16,51.02,40.77,41.25,0.2105,0.0,7.54,33.23,0.0,393.2
44.58,45.68,38.52,40.0,0.05,12.36,0.0,50.88,0.0,-551.01
43.18,42.8,37.86,38.33,0.2875,12.36,0.0,50.22,0.0,-533.7
48.43,43.1,39.24,38.5,0.525,12.36,0.0,51.6,0.0,-598.59
53.9,45.46,39.89,38.86,0.7625,12.36,0.0,52.25,0.0,-666.2
59.99,51.9,40.81,39.24,1.0,0.0,0.0,40.81,0.0,0.0
66.6,63.12,41.51,39.86,1.0,0.0,0.0,41.51,0.0,0.0
74.33,76.82,43.9,41.29,1.0,0.0,12.36,31.54,0.0,918.87
75.56,87.32,42.85,42.44,0.7368,0.0,12.36,30.49,0.0,933.72
69.31,83.51,40.67,41.27,0.4737,0.0,12.36,28.31,0.0,856.81
59.91,71.37,37.53,38.92,0.2105,0.0,9.89,27.64,0.0,592.32
56.11,63.44,33.65,35.59,0.0,0.0,0.0,33.65,0.0,0.0
48.05,58.28,30.19,31.36,0.0,0.0,0.0,30.19,0.0,0.0
45.91,44.9,28.22,27.12,0.5,0.0,0.0,28.22,0.0,0.0
43.54,46.42,26.79,28.05,0.5,0.0,0.0,26.79,0.0,0.0
38.85,43.81,25.92,25.56,0.5,12.36,0.0,38.28,0.0,-480.19
38.0,42.95,25.78,25.11,0.7375,12.36,0.0,38.14,0.0,-469.68
40.64,43.89,26.2,25.16,0.975,1.3,0.0,27.5,0.0,-52.87
46.1,45.25,27.55,25.53,1.0,0.0,0.0,27.55,0.0,0.0
56.43,46.73,32.87,27.14,1.0,0.0,0.0,32.87,0.0,0.0
60.96,51.02,38.02,31.04,1.0,0.0,7.54,30.48,0.0,459.54
66.53,59.94,42.45,36.38,0.8395,0.0,12.36,30.09,0.0,822.44
61.81,63.49,43.0,37.37,0.5763,0.0,12.36,30.64,0.0,763.8
51.02,56.18,42.09,38.27,0.3132,0.0,12.36,29.73,0.0,630.71
49.02,48.03,41.26,38.99,0.05,0.0,0.0,41.26,0.0,0.0
43.36,42.07,38.88,37.43,0.05,12.36,0.0,51.24,0.0,-535.93
43.59,35.16,38.37,35.32,0.2875,12.36,0.0,50.73,0.0,-538.77
51.61,32.81,39.8,35.02,0.525,12.36,0.0,52.16,0.0,-637.9
53.9,37.85,40.55,34.74,0.7625,12.36,0.0,52.91,0.0,-666.2
57.82,47.84,41.48,35.49,1.0,0.0,0.0,41.48,0.0,0.0
64.42,58.77,42.24,37.12,1.0,0.0,0.0,42.24,0.0,0.0
73.98,68.86,44.37,39.13,1.0,0.0,9.89,34.48,0.0,731.42
75.35,77.76,43.47,38.66,0.7895,0.0,12.36,31.11,0.0,931.48
74.18,81.79,41.04,38.1,0.5263,0.0,12.36,28.68,0.0,916.66
67.73,72.15,37.99,32.53,0.2632,0.0,12.36,25.63,0.0,837.28
58.12,65.82,34.09,28.61,0.0,0.0,0.0,34.09,0.0,0.0
53.07,59.75,30.49,26.0,0.0,0.0,0.0,30.49,0.0,0.0
57.05,50.02,28.11,32.62,0.5,0.0,12.36,20.26,0.0,447.84
55.72,49.12,26.76,26.79,0.2368,0.0,11.12,15.67,0.0,618.16
53.0,46.56,25.9,24.79,0.0,0.0,0.0,24.79,0.0,58.83
52.52,43.71,25.74,24.15,-0.0,12.36,0.0,36.51,0.0,-565.64
54.34,41.27,25.95,22.23,0.2375,12.36,0.0,34.59,0.0,-469.5
55.66,40.7,27.22,23.2,0.475,12.36,0.0,35.56,0.0,-464.2
67.0,43.48,32.51,26.11,0.7125,12.36,0.0,38.47,0.0,-399.32
73.57,48.4,37.62,30.47,0.95,0.0,0.0,30.47,0.0,526.03
76.88,53.77,41.75,36.35,0.95,0.0,12.36,23.99,0.0,1365.39
66.39,59.07,42.3,36.49,0.6868,0.0,12.36,24.13,0.0,1206.31
56.71,52.12,41.46,35.24,0.4237,0.0,12.36,22.88,0.0,1053.67
54.0,44.02,40.74,35.06,0.1605,6.61,0.0,41.67,0.0,-50.11
48.21,38.82,38.34,33.57,0.2875,12.36,0.0,45.93,0.0,-365.91
47.36,36.16,37.8,31.98,0.525,12.36,0.0,44.34,0.0,-309.73
51.87,37.23,39.3,30.87,0.7625,12.36,0.0,43.23,0.0,-203.85
56.09,44.7,39.93,30.73,1.0,0.0,0.0,30.73,0.0,516.03
62.59,52.99,40.91,32.27,1.0,-0.0,0.0,32.27,0.0,540.78
68.57,62.87,41.98,35.21,1.0,0.0,-0.0,35.21,0.0,464.22
75.38,70.24,44.11,38.17,1.0,0.0,12.36,25.81,0.0,1379.45
72.53,75.77,43.22,39.33,0.7368,0.0,12.36,26.97,0.0,1178.61
68.27,76.13,40.85,41.55,0.4737,0.0,12.36,29.19,0.0,796.03
62.04,67.11,37.68,37.42,0.2105,0.0,9.89,27.53,0.0,629.58
55.81,62.63,33.91,30.51,-0.0,0.0,0.0,30.51,0.0,189.75
47.95,58.21,30.28,26.76,0.0,0.0,-0.0,26.76,0.0,168.78
45.14,56.19,24.4,27.41,0.5,0.0,11.74,12.66,0.0,530.03
42.84,66.16,22.87,24.35,0.25,0.0,11.74,11.13,0.0,503.03
41.88,66.22,22.04,23.02,0.0,12.36,0.0,34.4,0.0,-517.64
40.66,57.57,21.82,21.81,0.2375,12.36,0.0,34.18,0.0,-502.56
40.61,48.42,22.09,21.59,0.475,12.36,0.0,34.45,0.0,-501.94
41.97,45.99,23.49,22.18,0.7125,12.36,0.0,35.85,0.0,-518.75
55.1,51.95,27.69,24.28,0.95,2.6,0.0,30.29,0.0,-143.38
64.86,62.87,32.99,29.09,1.0,0.0,0.0,32.99,0.0,0.0
67.86,74.21,36.57,33.29,1.0,0.0,12.36,24.21,0.0,838.88
67.54,77.56,37.77,36.25,0.7368,0.0,12.36,25.41,0.0,834.61
66.95,71.81,37.42,36.65,0.4737,0.0,12.36,25.06,0.0,827.63
63.68,62.62,37.11,36.24,0.2105,0.0,9.89,27.22,0.0,629.59
61.42,56.17,35.48,36.53,0.0,12.36,0.0,47.84,0.0,-759.15
61.16,50.31,34.56,36.09,0.2375,12.36,0.0,46.92,0.0,-755.94
64.39,49.74,35.44,35.09,0.475,12.36,0.0,47.8,0.0,-795.86
66.54,50.42,36.47,34.42,0.7125,12.36,0.0,48.83,0.0,-822.43
68.37,51.1,37.95,34.9,0.95,2.6,0.0,40.55,0.0,-177.91
74.05,53.78,40.77,36.47,1.0,0.0,0.0,40.77,0.0,0.0
74.48,60.23,40.65,38.71,1.0,0.0,12.36,28.29,0.0,920.72
72.29,70.48,39.83,39.83,0.7368,0.0,12.36,27.47,0.0,893.31
69.87,71.9,37.22,39.25,0.4737,0.0,12.36,24.86,0.0,863.73
63.59,66.01,34.05,36.98,0.2105,0.0,9.89,24.16,0.0,628.7
59.84,60.74,30.59,33.4,0.0,0.0,0.0,30.59,0.0,0.0
58.63,56.67,27.05,29.71,0.0,0.0,0.0,27.05,0.0,0.0
49.54,52.02,25.66,27.46,0.5,0.0,12.36,13.3,0.0,612.41
47.0,51.95,24.09,28.36,0.2368,0.0,11.12,12.97,0.0,522.74
43.84,50.2,23.1,27.52,0.0,0.0,0.0,23.1,0.0,0.0
41.39,46.73,22.63,27.16,0.0,2.6,0.0,25.23,0.0,-107.7
40.98,43.58,22.54,26.61,0.05,12.36,0.0,34.9,0.0,-506.51
40.0,41.58,22.99,26.07,0.2875,12.36,0.0,35.35,0.0,-494.4
49.19,40.88,24.13,26.09,0.525,12.36,0.0,36.49,0.0,-607.99
50.25,43.74,25.4,27.76,0.7625,12.36,0.0,37.76,0.0,-621.09
51.8,51.91,26.99,31.04,1.0,0.0,0.0,26.99,0.0,0.0
55.48,61.95,28.95,35.86,1.0,0.0,0.0,28.95,0.0,0.0
55.75,66.33,29.91,37.56,1.0,0.0,11.15,18.76,0.0,621.89
52.68,65.93,30.36,39.17,0.7625,0.0,0.0,30.36,0.0,0.0
51.4,64.04,30.12,37.03,0.7625,0.0,0.0,30.12,0.0,0.0
49.17,62.02,28.02,33.02,0.7625,0.0,0.0,28.02,0.0,0.0
49.44,60.33,27.56,31.67,0.7625,0.0,0.0,27.56,0.0,0.0
50.31,58.74,27.83,31.38,0.7625,12.36,0.0,40.19,0.0,-621.83
57.83,60.01,28.62,32.02,1.0,0.0,0.0,28.62,0.0,0.0
65.11,64.49,31.34,32.1,1.0,0.0,0.0,31.34,0.0,0.0
72.69,72.99,34.37,33.94,1.0,0.0,9.89,24.48,0.0,718.67
79.45,79.85,35.05,36.38,0.7895,0.0,12.36,22.69,0.0,982.16
72.04,79.63,33.72,36.83,0.5263,0.0,12.36,21.36,0.0,890.22
68.32,76.54,31.7,35.16,0.2632,0.0,12.36,19.34,0.0,844.57
63.02,71.44,28.86,32.73,0.0,0.0,0.0,28.86,0.0,0.0
56.33,61.72,26.23,30.63,0.0,0.0,0.0,26.23,0.0,0.0
54.32,53.66,25.02,28.58,0.5,0.0,12.36,12.66,0.0,671.5
48.39,51.83,23.3,24.88,0.2368,0.0,8.77,14.53,0.0,424.56
46.56,49.12,22.56,22.71,0.05,0.0,0.0,22.56,0.0,0.0
45.15,45.59,21.96,21.69,0.05,12.36,0.0,34.32,0.0,-558.05
45.15,42.27,21.67,22.66,0.2875,12.36,0.0,34.03,0.0,-558.05
47.63,40.15,22.25,24.4,0.525,12.36,0.0,34.61,0.0,-588.71
52.78,42.6,23.15,27.07,0.7625,12.36,0.0,35.51,0.0,-652.36
51.63,50.1,23.62,30.96,1.0,0.0,0.0,23.62,0.0,0.0
49.2,57.37,25.26,35.33,1.0,0.0,12.36,12.9,0.0,608.21
51.56,60.3,26.5,36.89,0.7368,0.0,12.36,14.14,0.0,637.14
52.05,58.18,26.89,37.55,0.4737,0.0,12.36,14.53,0.0,643.44
48.08,54.9,26.94,37.85,0.2105,0.0,7.54,19.4,0.0,362.44
47.18,50.9,26.57,37.33,0.05,0.0,0.0,26.57,0.0,0.0
45.44,47.2,25.23,35.46,0.05,12.36,0.0,37.59,0.0,-561.64
46.26,45.39,24.79,33.18,0.2875,12.36,0.0,37.15,0.0,-571.77
52.14,46.52,25.19,32.73,0.525,12.36,0.0,37.55,0.0,-644.45
56.6,49.47,25.69,32.93,0.7625,12.36,0.0,38.05,0.0,-699.58
59.04,55.48,27.92,34.18,1.0,0.0,0.0,27.92,0.0,0.0
68.79,67.26,32.02,36.11,1.0,0.0,12.36,19.66,0.0,850.38
68.8,80.63,33.68,38.68,0.7368,0.0,12.36,21.32,0.0,850.18
68.02,75.18,33.3,38.63,0.4737,0.0,12.36,20.94,0.0,840.86
61.5,66.99,31.34,36.35,0.2105,0.0,9.89,21.45,0.0,608.04
58.11,61.35,28.74,33.46,0.0,0.0,0.0,28.74,0.0,0.0
49.68,57.61,25.99,30.92,0.0,0.0,0.0,25.99,0.0,0.0
47.99,49.87,27.27,27.77,0.5,0.0,12.36,15.41,0.0,569.16
46.22,41.4,25.63,23.8,0.2368,0.0,8.78,15.02,0.0,490.19
44.17,37.13,24.76,22.52,0.05,12.36,0.0,34.88,0.0,-447.0
44.15,33.68,24.49,22.96,0.2875,12.36,0.0,35.32,0.0,-478.14
44.17,32.71,24.62,23.75,0.525,12.36,0.0,36.11,0.0,-507.51
47.15,35.73,26.29,25.5,0.7625,12.36,0.0,37.86,0.0,-545.53
53.43,45.92,30.75,28.87,1.0,-0.0,0.0,28.87,0.0,100.45
67.21,54.56,35.55,32.39,1.0,0.0,-0.0,32.39,0.0,212.38
86.83,60.29,39.96,36.74,1.0,0.0,12.36,24.38,0.0,1352.81
81.11,64.14,40.58,40.29,0.7368,0.0,12.36,27.93,0.0,1026.04
78.07,62.54,40.23,40.64,0.4737,0.0,12.36,28.28,0.0,932.94
73.81,57.65,39.65,40.41,0.2105,0.0,7.48,32.93,0.0,495.84
53.16,52.82,37.32,39.91,0.0513,0.0,0.0,39.91,0.0,-137.68
51.94,49.4,36.89,38.36,0.0513,12.36,0.0,50.72,0.0,-718.33
62.97,50.17,37.95,38.47,0.2888,12.36,0.0,50.83,0.0,-811.05
72.04,52.13,38.34,39.12,0.5263,0.0,0.0,39.12,0.0,-56.19
72.45,53.31,38.71,39.31,0.5263,0.0,0.0,39.31,0.0,-43.47
64.85,54.43,38.24,39.57,0.5263,0.0,0.0,39.57,0.0,-86.25
65.13,54.73,38.37,40.06,0.5263,0.0,0.0,40.06,0.0,-110.07
64.24,55.63,38.8,40.57,0.5263,0.0,0.0,40.57,0.0,-113.7
67.87,65.16,39.45,41.48,0.5263,0.0,12.36,29.12,0.0,701.1
59.22,67.62,36.73,41.85,0.2632,0.0,12.36,29.49,0.0,428.75
49.12,56.16,33.1,39.46,0.0,0.0,-0.0,39.46,0.0,-312.4
46.08,51.27,29.55,36.45,0.0,0.0,-0.0,36.45,0.0,-317.95
58.54,48.29,27.09,32.05,0.5,0.0,12.36,19.69,0.0,433.2
53.41,47.19,25.56,28.53,0.2368,0.0,11.12,17.41,0.0,435.51
51.81,39.95,24.8,26.05,0.0,0.0,0.0,26.05,0.0,-64.76
50.47,33.21,24.45,24.89,-0.0,12.36,0.0,37.25,0.0,-646.02
49.75,28.53,24.5,24.63,0.2375,12.36,0.0,36.99,0.0,-621.38
56.4,25.85,25.58,24.33,0.475,12.36,0.0,36.69,0.0,-626.6
58.25,27.95,28.59,24.06,0.7125,12.36,0.0,36.42,0.0,-456.1
60.55,37.35,33.71,24.76,0.95,2.6,0.0,27.36,0.0,384.37
64.45,46.09,38.02,28.59,1.0,0.0,-0.0,28.59,0.0,607.76
62.81,51.78,38.78,32.59,1.0,0.0,12.36,20.23,0.0,1165.13
68.55,51.91,38.36,36.79,0.7368,0.0,12.36,24.43,0.0,954.9
66.88,48.19,37.89,38.16,0.4737,0.0,0.0,38.16,0.0,-18.06
55.63,46.05,36.01,36.62,0.4737,0.0,0.0,36.62,0.0,-33.93
57.73,43.69,35.75,35.7,0.4737,2.67,0.0,38.37,0.0,-151.29
65.76,41.93,36.56,37.16,0.525,12.36,0.0,49.52,0.0,-852.25
66.64,43.04,36.66,37.94,0.7625,12.36,0.0,50.3,0.0,-908.97
68.98,47.19,36.97,38.21,1.0,0.0,0.0,38.21,0.0,-85.54
62.03,49.85,36.63,38.69,1.0,0.0,-0.0,38.69,0.0,-127.78
60.66,51.25,36.9,39.08,1.0,0.0,0.0,39.08,0.0,-132.24
63.02,53.06,36.9,39.21,1.0,0.0,9.89,29.32,0.0,477.57
70.84,61.48,37.45,39.74,0.7895,0.0,12.36,27.38,0.0,713.36
63.42,68.12,36.11,39.83,0.5263,0.0,12.36,27.47,0.0,547.95
59.43,57.78,32.36,38.09,0.2632,0.0,12.36,25.73,0.0,394.02
50.56,51.25,29.11,35.38,-0.0,0.0,0.0,35.38,0.0,-317.01
42.66,48.08,23.61,31.38,0.5,0.0,11.12,12.49,0.0,474.47
39.97,49.94,22.39,27.48,0.2632,0.0,12.36,10.03,0.0,494.11
39.45,43.68,21.67,25.91,0.0,0.0,0.0,21.67,0.0,0.0
39.92,40.02,21.54,24.49,0.0,0.0,0.0,21.54,0.0,0.0
39.86,36.77,21.79,23.28,0.0,0.0,0.0,21.79,0.0,0.0
36.48,32.16,22.76,22.39,0.0,12.36,0.0,35.12,0.0,-450.89
45.0,31.46,27.35,22.37,0.2375,12.36,0.0,39.71,0.0,-556.2
47.69,35.08,32.96,23.63,0.475,12.36,0.0,45.32,0.0,-589.45
58.37,41.01,37.91,24.63,0.7125,0.0,12.36,25.55,0.0,721.57
53.35,43.93,38.89,25.85,0.4493,0.0,12.36,26.53,0.0,659.26
47.29,40.48,38.67,28.23,0.1862,0.0,8.75,29.92,0.0,413.57
45.86,35.65,38.49,30.29,0.0,0.0,0.0,38.49,0.0,0.0
40.0,31.37,36.47,31.34,0.0,12.36,0.0,48.83,0.0,-494.4
40.61,25.22,36.46,31.02,0.2375,12.36,0.0,48.82,0.0,-501.94
45.97,21.25,37.6,30.32,0.475,12.36,0.0,49.96,0.0,-568.19
46.19,24.59,38.17,29.62,0.7125,12.36,0.0,50.53,0.0,-570.91
51.23,33.56,38.61,29.37,0.95,2.6,0.0,41.21,0.0,-133.31
51.9,42.5,37.95,29.83,1.0,0.0,0.0,37.95,0.0,0.0
55.68,47.91,37.6,31.01,1.0,0.0,0.0,37.6,0.0,0.0
57.46,52.8,37.31,32.85,1.0,0.0,0.0,37.31,0.0,0.0
59.76,62.84,37.18,35.92,1.0,0.0,9.89,27.29,0.0,590.83
58.66,67.37,36.6,38.61,0.7895,0.0,12.36,24.24,0.0,725.15
54.13,72.11,33.32,36.17,0.5263,0.0,12.36,20.96,0.0,668.9
45.91,70.12,30.1,32.35,0.2632,0.0,12.36,17.74,0.0,567.54
56.04,64.97,34.05,28.37,0.5,0.0,12.36,16.01,0.0,1010.96
57.3,57.95,32.18,28.78,0.2368,0.0,0.0,28.78,0.0,194.82
49.86,56.41,30.85,29.96,0.2368,0.0,0.0,29.96,0.0,44.38
48.82,52.85,30.3,30.16,0.2368,2.64,0.0,32.8,0.0,-121.87
49.43,50.96,30.17,29.16,0.2875,12.36,0.0,41.52,0.0,-561.03
48.48,50.47,30.74,28.64,0.525,12.36,0.0,41.0,0.0,-497.4
50.0,51.67,33.8,29.46,0.7625,12.36,0.0,41.82,0.0,-401.0
56.84,55.71,38.34,33.32,1.0,0.0,0.0,33.32,0.0,285.34
61.61,61.17,43.73,38.47,1.0,0.0,0.0,38.47,0.0,324.07
67.66,62.92,45.64,43.1,1.0,0.0,-0.0,43.1,0.0,171.86
66.8,61.86,46.3,45.22,1.0,0.0,0.0,45.22,0.0,72.14
65.04,59.78,46.64,45.23,1.0,0.0,0.0,45.23,0.0,91.71
56.35,59.46,45.23,44.87,1.0,0.0,0.0,44.87,0.0,20.29
56.35,60.26,45.53,44.71,1.0,0.0,0.0,44.71,0.0,46.21
63.43,61.37,46.57,44.9,1.0,0.0,0.0,44.9,0.0,105.93
70.62,62.43,46.83,45.11,1.0,0.0,0.0,45.11,0.0,121.47
71.8,63.49,46.98,44.95,1.0,0.0,0.0,44.95,0.0,145.75
72.16,64.79,46.47,44.53,1.0,0.0,0.0,44.53,0.0,139.99
72.9,66.75,45.71,44.47,1.0,0.0,0.0,44.47,0.0,90.4
75.52,69.75,44.27,44.19,1.0,0.0,9.89,34.3,0.0,752.78
75.6,72.99,43.36,42.85,0.7895,0.0,12.36,30.49,0.0,972.97
74.15,73.07,42.36,42.16,0.5263,0.0,12.36,29.8,0.0,931.32
64.61,71.71,39.77,41.63,0.2632,0.0,12.36,29.27,0.0,678.4
54.66,68.19,36.32,39.14,0.0,0.0,-0.0,39.14,0.0,-154.14
53.62,68.65,31.3,36.01,0.5,0.0,0.0,31.3,0.0,0.0
52.96,77.08,29.64,32.04,0.5,0.0,12.36,17.28,0.0,654.69
51.18,69.45,28.34,30.01,0.2368,0.0,0.0,28.34,0.0,0.0
48.22,64.16,27.66,28.31,0.2368,0.0,0.0,27.66,0.0,0.0
47.74,61.4,27.28,27.81,0.2368,12.36,0.0,39.64,0.0,-590.07
45.88,60.24,27.37,28.06,0.4743,12.36,0.0,39.73,0.0,-567.08
45.63,60.86,27.55,28.85,0.7118,12.36,0.0,39.91,0.0,-563.99
46.94,63.3,29.53,31.51,0.9493,2.64,0.0,32.17,0.0,-123.85
45.91,68.98,31.63,36.96,1.0,0.0,0.0,31.63,0.0,0.0
44.17,72.05,32.93,41.62,1.0,0.0,0.0,32.93,0.0,0.0
40.56,73.58,33.25,44.41,1.0,0.0,12.36,20.89,0.0,501.4
39.09,71.52,33.22,44.47,0.7368,0.0,0.0,33.22,0.0,0.0
38.75,68.51,32.91,44.14,0.7368,0.0,0.0,32.91,0.0,0.0
38.02,65.72,32.34,43.58,0.7368,0.0,0.0,32.34,0.0,0.0
37.34,64.99,32.13,43.54,0.7368,12.36,0.0,44.49,0.0,-461.52
38.01,66.25,31.95,44.27,0.9743,0.0,0.0,31.95,0.0,0.0
38.97,67.82,32.4,44.91,0.9743,0.0,0.0,32.4,0.0,0.0
42.45,67.85,33.32,45.11,0.9743,0.0,0.0,33.32,0.0,0.0
46.76,69.35,34.45,44.8,0.9743,0.0,0.0,34.45,0.0,0.0
54.91,71.65,35.4,44.02,0.9743,0.0,0.0,35.4,0.0,0.0
59.02,74.42,35.69,42.8,0.9743,0.0,12.36,23.33,0.0,729.33
58.26,74.58,34.88,42.3,0.7112,0.0,12.36,22.52,0.0,720.21
52.23,73.5,32.52,41.38,0.448,0.0,12.36,20.16,0.0,645.42
45.67,72.56,30.33,38.56,0.1849,0.0,8.68,21.65,0.0,396.62
45.73,70.79,29.91,35.29,,,,,,
43.79,76.09,28.37,32.69,,,,,,
41.51,74.44,27.31,30.46,,,,,,
40.72,70.91,26.85,28.25,,,,,,
40.51,68.87,26.95,27.11,,,,,,
43.52,68.57,28.34,27.56,,,,,,
52.73,70.04,31.95,28.86,,,,,,
56.04,72.65,36.01,30.15,,,,,,
70.11,76.1,40.84,34.65,,,,,,
71.2,79.72,42.15,38.69,,,,,,
58.74,83.1,42.21,39.84,,,,,,
57.03,82.48,42.16,39.39,,,,,,
49.04,80.02,40.48,38.24,,,,,,
49.25,79.24,40.45,37.82,,,,,,
54.0,80.68,41.5,38.2,,,,,,
56.97,80.0,42.05,38.62,,,,,,
57.27,82.3,42.37,39.05,,,,,,
57.83,84.5,41.75,39.47,,,,,,
56.33,85.89,41.45,39.73,,,,,,
66.19,91.56,41.81,40.04,,,,,,
63.45,97.42,41.72,40.56,,,,,,
57.61,90.15,39.03,39.89,,,,,,
45.72,82.52,35.48,37.8,,,,,,
43.35,79.12,32.38,35.55,,,,,,
41.29,74.72,27.6,33.45,0.5,0.0,12.36,21.09,0.0,268.8
40.42,66.29,26.13,30.49,0.2368,0.0,0.0,30.49,0.0,-176.23
39.98,63.9,25.23,26.18,0.2368,0.0,0.0,26.18,0.0,-37.98
39.7,62.71,25.01,24.03,0.2368,12.36,0.0,36.39,0.0,-451.79
40.2,61.62,25.17,23.54,0.4743,12.36,0.0,35.9,0.0,-431.35
48.68,61.33,26.42,23.22,0.7118,12.36,0.0,35.58,0.0,-445.91
55.9,62.77,30.92,22.96,0.9493,2.64,0.0,25.6,0.0,297.59
67.0,66.03,35.45,23.9,1.0,0.0,0.0,23.9,0.0,773.85
71.65,69.95,38.88,26.97,1.0,0.0,0.0,26.97,0.0,853.35
70.3,73.14,39.48,31.91,1.0,0.0,12.36,19.55,0.0,1401.08
64.11,72.08,39.03,33.34,0.7368,0.0,12.36,20.98,0.0,1157.19
64.45,71.78,38.72,32.84,0.4737,0.0,12.36,20.48,0.0,1175.57
59.28,70.09,36.59,33.26,0.2105,0.0,0.0,33.26,0.0,197.4
54.56,65.82,36.35,33.5,0.2105,0.0,0.0,33.5,0.0,155.5
58.9,61.86,37.46,32.97,0.2105,12.36,0.0,45.33,0.0,-463.54
57.76,59.42,38.0,34.9,0.448,12.36,0.0,47.26,0.0,-534.86
58.45,60.13,38.54,37.27,0.6855,12.36,0.0,49.63,0.0,-648.21
61.29,63.98,38.67,38.42,0.923,4.01,0.0,42.43,0.0,-230.2
65.06,67.25,39.45,39.27,1.0,0.0,0.0,39.27,0.0,11.71
71.26,75.17,41.16,40.09,1.0,0.0,12.36,27.73,0.0,957.02
64.33,82.42,38.81,41.22,0.7368,0.0,12.36,28.86,0.0,640.08
55.07,77.17,35.98,39.83,0.4737,0.0,12.36,27.47,0.0,468.65
44.89,71.37,32.67,36.9,0.2105,0.0,9.89,27.01,0.0,253.99
39.66,66.32,29.55,33.31,0.0,0.0,-0.0,33.31,0.0,-149.12
24.94,64.72,23.36,29.93,0.5,0.0,12.36,17.57,0.0,144.4
22.16,57.8,21.94,25.45,0.2368,0.0,8.78,16.67,0.0,116.69
11.18,53.32,20.94,22.83,0.05,0.0,0.0,22.83,0.0,-21.13
9.0,49.2,20.42,21.88,0.05,12.36,0.0,34.24,0.0,-124.38
7.13,44.98,20.38,21.66,0.2875,12.36,0.0,34.02,0.0,-97.25
10.73,42.39,20.97,22.37,0.525,12.36,0.0,34.73,0.0,-147.64
14.27,43.74,21.99,25.24,0.7625,12.36,0.0,37.6,0.0,-222.75
20.0,52.98,22.7,29.16,1.0,0.0,0.0,29.16,0.0,-129.2
23.02,61.94,24.5,33.38,1.0,0.0,-0.0,33.38,0.0,-204.42
27.52,65.14,25.95,37.92,1.0,0.0,0.0,37.92,0.0,-329.41
32.27,66.05,26.72,39.52,1.0,0.0,11.15,28.37,0.0,-53.09
32.36,64.41,27.1,39.27,0.7625,0.0,0.0,39.27,0.0,-393.82
33.09,61.96,26.97,38.81,0.7625,0.0,0.0,38.81,0.0,-391.79
31.81,59.76,25.83,38.32,0.7625,0.0,0.0,38.32,0.0,-397.31
31.57,59.09,25.51,38.59,0.7625,12.36,0.0,50.95,0.0,-803.14
35.09,61.11,25.66,39.7,1.0,0.0,0.0,39.7,0.0,-492.66
37.07,64.33,26.59,40.64,1.0,0.0,0.0,40.64,0.0,-520.83
41.07,66.9,29.49,41.64,1.0,0.0,9.89,31.75,0.0,-92.9
42.83,71.59,30.77,42.76,0.7895,0.0,12.36,30.4,0.0,15.85
41.04,74.81,31.45,42.76,0.5263,0.0,12.36,30.4,0.0,43.09
38.29,71.22,30.48,40.94,0.2632,0.0,12.36,28.58,0.0,72.75
34.3,64.45,28.79,38.68,0.0,0.0,-0.0,38.68,0.0,-339.23
31.37,57.83,26.45,36.72,0.0,0.0,-0.0,36.72,0.0,-322.17
26.46,51.34,24.17,33.82,0.0,0.0,-0.0,33.82,0.0,-255.34
45.07,61.03,27.52,30.44,0.5,0.0,12.36,18.08,0.0,425.46
43.14,59.71,25.83,28.06,0.2368,0.0,7.51,20.55,0.0,227.72
40.45,55.58,24.96,25.87,0.077,0.0,0.0,25.87,0.0,-36.81
39.68,54.3,24.67,24.69,0.077,0.0,0.0,24.69,0.0,-0.79
39.8,52.16,25.04,24.38,0.077,12.36,0.0,36.74,0.0,-465.66
43.42,49.96,26.66,24.57,0.3145,12.36,0.0,36.93,0.0,-445.92
55.07,52.48,31.81,25.4,0.552,12.36,0.0,37.76,0.0,-327.67
67.28,59.11,38.07,27.09,0.7895,0.0,0.0,27.09,0.0,738.73
74.98,65.45,41.9,29.56,0.7895,0.0,12.36,17.2,0.0,1852.01
71.0,68.27,42.5,33.4,0.5263,0.0,12.36,21.04,0.0,1523.66
60.67,64.01,41.65,38.35,0.2632,0.0,12.36,25.99,0.0,950.09
59.41,56.0,40.95,39.71,-0.0,0.0,0.0,39.71,0.0,73.67
56.21,50.16,38.82,38.57,0.0,2.6,0.0,41.17,0.0,-132.21
55.28,45.99,38.57,37.55,0.05,12.36,0.0,49.91,0.0,-626.88
57.03,44.73,40.23,37.19,0.2875,12.36,0.0,49.55,0.0,-531.52
58.35,47.42,41.36,36.48,0.525,12.36,0.0,48.84,0.0,-436.46
62.0,50.03,43.14,37.09,0.7625,12.36,0.0,49.45,0.0,-391.22
73.26,53.8,44.7,38.65,1.0,0.0,0.0,38.65,0.0,443.22
66.44,59.61,43.74,40.9,1.0,0.0,12.36,28.54,0.0,1009.89
63.65,64.57,42.94,42.64,0.7368,0.0,12.36,30.28,0.0,805.81
59.57,62.81,40.29,42.43,0.4737,0.0,12.36,30.07,0.0,608.81
55.16,57.17,37.02,39.89,0.2105,0.0,9.89,30.0,0.0,387.11
50.66,52.66,33.34,36.71,0.0,0.0,-0.0,36.71,0.0,-170.72
46.91,48.89,30.0,32.85,0.0,0.0,-0.0,32.85,0.0,-133.69
49.09,53.7,27.91,31.34,0.5,0.0,12.36,18.98,0.0,438.37
48.83,49.76,26.4,26.53,0.2368,0.0,8.78,17.75,0.0,422.16
46.59,43.94,25.61,24.66,0.05,12.36,0.0,37.02,0.0,-531.59
45.6,41.81,25.48,24.09,0.2875,12.36,0.0,36.45,0.0,-500.23
48.11,40.96,25.73,23.87,0.525,12.36,0.0,36.23,0.0,-505.16
52.21,41.67,27.14,24.77,0.7625,12.36,0.0,37.13,0.0,-521.58
63.13,45.7,31.84,27.32,1.0,0.0,0.0,27.32,0.0,285.35
66.07,55.46,37.03,31.46,1.0,0.0,0.0,31.46,0.0,368.01
70.32,65.67,41.29,36.74,1.0,0.0,12.36,24.38,0.0,1189.11
69.1,69.74,41.94,40.94,0.7368,0.0,12.36,28.58,0.0,923.18
63.8,63.91,41.25,41.49,0.4737,0.0,12.36,29.13,0.0,773.26
60.05,56.82,40.7,40.48,0.2105,0.0,0.0,40.48,0.0,13.21
49.78,52.73,38.34,38.94,0.2105,4.01,0.0,42.95,0.0,-229.28
49.89,50.16,38.04,37.45,0.2875,12.36,0.0,49.81,0.0,-587.21
55.62,49.89,39.36,38.34,0.525,12.36,0.0,50.7,0.0,-630.73
62.21,52.1,40.09,39.44,0.7625,12.36,0.0,51.8,0.0,-728.48
65.05,55.85,40.74,40.09,1.0,0.0,0.0,40.09,0.0,42.28
73.51,60.26,41.06,40.68,1.0,0.0,-0.0,40.68,0.0,27.93
77.12,66.09,42.81,41.25,1.0,0.0,9.89,31.36,0.0,882.87
80.17,77.13,43.0,42.47,0.7895,0.0,12.36,30.11,0.0,1033.39
71.82,80.58,41.0,42.07,0.5263,0.0,12.36,29.71,0.0,810.85
63.81,70.84,37.87,39.63,0.2632,0.0,12.36,27.27,0.0,676.39
55.02,60.88,33.91,36.56,-0.0,0.0,0.0,36.56,0.0,-145.8
47.31,55.26,30.13,32.48,0.0,0.0,-0.0,32.48,0.0,-111.18
51.91,55.8,28.01,30.48,0.5,0.0,4.7,23.31,0.0,243.81
50.58,48.38,26.45,26.3,0.4,0.0,4.7,21.75,0.0,237.56
49.01,41.55,25.62,24.77,0.3,10.41,0.0,36.03,0.0,-510.12
48.99,37.35,25.4,24.87,0.5,10.41,0.0,35.81,0.0,-509.91
50.26,36.34,25.67,24.19,0.7,10.41,0.0,36.08,0.0,-523.13
52.09,38.51,27.11,25.53,0.9,5.2,0.0,32.31,0.0,-271.09
61.15,45.74,31.6,29.14,1.0,0.0,0.0,31.6,0.0,0.0
65.02,55.82,36.72,32.18,1.0,0.0,0.0,36.72,0.0,0.0
67.99,63.4,40.93,37.2,1.0,0.0,9.39,31.54,0.0,638.67
61.43,65.47,41.24,41.16,0.8,0.0,9.39,31.85,0.0,577.05
54.6,59.6,40.63,41.74,0.6,0.0,9.39,31.24,0.0,512.89
48.02,55.05,40.11,40.64,0.4,0.0,0.0,40.11,0.0,0.0
41.54,51.84,37.75,38.88,0.4,10.41,0.0,48.16,0.0,-432.37
42.06,49.65,37.53,37.72,0.6,10.41,0.0,47.94,0.0,-437.78
46.52,50.08,38.9,38.56,0.8,10.41,0.0,49.31,0.0,-484.2
56.39,52.8,39.54,39.6,1.0,0.0,0.0,39.54,0.0,0.0
60.53,56.36,40.12,40.22,1.0,0.0,0.0,40.12,0.0,0.0
65.38,59.74,40.72,40.55,1.0,0.0,0.0,40.72,0.0,0.0
72.22,64.81,42.7,41.17,1.0,0.0,9.39,33.31,0.0,678.41
79.87,75.02,42.86,42.53,0.8,0.0,9.39,33.47,0.0,750.27
72.75,77.79,40.8,42.01,0.6,0.0,9.39,31.41,0.0,683.38
66.42,68.54,37.68,39.58,0.4,0.0,9.39,28.29,0.0,623.92
57.8,59.01,33.71,36.29,0.2,0.0,4.7,29.01,0.0,271.48
50.92,53.96,29.98,32.25,0.1,0.0,4.7,25.28,0.0,239.16
50.84,54.23,27.83,28.97,0.5,0.0,12.36,16.61,0.0,570.42
49.13,41.66,26.3,25.28,0.2368,0.0,0.0,25.28,0.0,50.11
44.09,36.58,25.55,23.99,0.2368,12.36,0.0,36.35,0.0,-476.17
43.41,34.75,25.28,23.57,0.4743,12.36,0.0,35.93,0.0,-462.32
43.86,35.34,25.47,24.46,0.7118,12.36,0.0,36.82,0.0,-497.81
49.74,38.15,27.03,28.31,0.9493,2.64,0.0,30.95,0.0,-194.8
59.03,45.22,31.53,31.09,1.0,0.0,-0.0,31.09,0.0,25.97
63.1,54.31,36.49,33.5,1.0,0.0,7.54,25.96,0.0,664.42
68.89,61.86,40.46,37.45,0.8395,0.0,12.36,25.09,0.0,1058.84
60.52,61.9,40.76,40.34,0.5763,0.0,12.36,27.98,0.0,773.45
53.7,54.41,39.81,41.15,0.3132,0.0,12.36,28.79,0.0,591.77
49.66,49.58,39.05,40.44,0.05,0.0,0.0,40.44,0.0,-69.03
45.44,45.35,36.62,39.03,0.05,12.36,0.0,51.39,0.0,-671.15
45.44,42.25,36.27,37.91,0.2875,12.36,0.0,50.27,0.0,-636.16
50.0,42.41,37.39,38.15,0.525,12.36,0.0,50.51,0.0,-656.0
55.65,45.57,38.09,38.63,0.7625,12.36,0.0,50.99,0.0,-717.88
61.89,50.16,38.71,39.28,1.0,0.0,0.0,39.28,0.0,-35.28
73.07,57.28,39.28,40.08,1.0,0.0,-0.0,40.08,0.0,-58.46
76.67,67.2,41.32,40.98,1.0,0.0,0.0,40.98,0.0,26.07
80.05,76.14,41.73,42.54,1.0,0.0,12.36,30.18,0.0,924.58
77.48,83.68,39.69,42.4,0.7368,0.0,12.36,30.04,0.0,747.68
69.29,79.94,36.57,39.51,0.4737,0.0,12.36,27.15,0.0,652.71
57.7,69.6,33.0,36.53,0.2105,0.0,9.89,26.64,0.0,366.86
50.31,61.17,29.31,32.75,0.0,-0.0,0.0,32.75,0.0,-173.07
51.53,51.39,27.78,28.65,0.5,0.0,4.7,23.08,0.0,242.03
48.01,43.74,25.86,27.28,0.4,0.0,4.7,21.16,0.0,225.49
45.25,40.38,24.86,23.4,0.3,0.0,4.7,20.16,0.0,212.53
42.38,38.54,24.36,22.93,0.2,0.0,4.7,19.66,0.0,199.05
41.37,37.41,24.29,23.82,0.1,0.0,4.7,19.59,0.0,194.31
45.51,39.5,25.07,26.62,0.0,0.0,0.0,25.07,0.0,0.0
49.46,45.08,26.94,29.67,0.0,5.2,0.0,32.14,0.0,-257.4
51.47,52.86,29.64,32.24,0.1,5.2,0.0,34.84,0.0,-267.86
53.06,57.62,32.06,35.76,0.2,5.2,0.0,37.26,0.0,-276.14
49.32,59.85,32.69,33.8,0.3,5.2,0.0,37.89,0.0,-256.67
41.81,59.35,32.36,32.21,0.4,5.2,0.0,37.56,0.0,-217.59
38.1,56.74,31.27,30.82,0.5,5.2,0.0,36.47,0.0,-198.28
30.0,51.26,29.78,29.03,0.6,5.2,0.0,34.98,0.0,-156.13
24.83,45.29,28.61,27.6,0.7,5.2,0.0,33.81,0.0,-129.22
25.0,42.57,28.16,26.33,0.8,5.2,0.0,33.36,0.0,-130.11
35.3,43.74,28.41,26.05,0.9,5.2,0.0,33.61,0.0,-183.71
41.45,48.22,28.73,26.79,1.0,0.0,0.0,28.73,0.0,0.0
52.02,54.75,30.46,27.56,1.0,0.0,4.7,25.76,0.0,244.33
62.16,65.16,34.1,30.02,0.9,0.0,4.7,29.4,0.0,291.95
71.31,77.97,36.09,37.14,0.8,0.0,4.7,31.39,0.0,334.93
66.26,74.28,34.76,38.34,0.7,0.0,4.7,30.06,0.0,311.21
58.87,65.71,32.01,36.21,0.6,0.0,4.7,27.31,0.0,276.5
51.25,60.33,29.18,33.4,0.5,0.0,4.7,24.48,0.0,240.71
45.41,55.62,26.85,30.0,0.4,0.0,4.7,22.15,0.0,213.28
58.43,56.2,24.76,27.49,0.5,0.0,12.36,15.13,0.0,562.68
55.54,47.73,23.15,27.04,0.2368,0.0,8.78,18.26,0.0,271.35
52.0,42.43,22.36,23.33,0.05,12.36,0.0,35.69,0.0,-693.16
51.29,39.28,21.8,22.83,0.2875,12.36,0.0,35.19,0.0,-686.77
51.29,38.16,21.56,23.87,0.525,12.36,0.0,36.23,0.0,-752.42
58.43,39.57,22.35,26.7,0.7625,12.36,0.0,39.06,0.0,-976.37
54.69,43.13,22.73,29.73,1.0,0.0,0.0,29.73,0.0,-382.83
50.64,52.52,23.47,32.39,1.0,0.0,0.0,32.39,0.0,-451.71
51.29,56.71,24.95,36.29,1.0,0.0,7.54,28.75,0.0,-194.92
57.29,60.05,26.35,35.51,0.8395,0.0,12.36,23.15,0.0,183.33
60.89,59.19,27.09,32.06,0.5763,0.0,12.36,19.7,0.0,449.98
57.43,56.83,27.27,30.56,0.3132,0.0,12.36,18.2,0.0,520.89
56.0,51.79,26.81,28.99,0.05,0.0,0.0,28.99,0.0,-122.08
50.61,46.06,25.24,27.5,0.05,12.36,0.0,39.86,0.0,-739.92
51.29,42.07,24.76,26.74,0.2875,12.36,0.0,39.1,0.0,-735.5
57.34,41.71,25.17,29.67,0.525,12.36,0.0,42.03,0.0,-966.75
58.98,45.83,25.71,32.3,0.7625,12.36,0.0,44.66,0.0,-1117.67
59.66,52.45,27.31,33.53,1.0,0.0,0.0,33.53,0.0,-371.09
70.68,63.4,30.73,34.82,1.0,0.0,9.89,24.93,0.0,409.8
65.2,80.45,33.11,36.84,0.7895,0.0,12.36,24.48,0.0,562.68
64.53,76.68,32.79,38.09,0.5263,0.0,12.36,25.73,0.0,455.58
60.71,65.15,30.7,36.2,0.2632,0.0,12.36,23.84,0.0,416.47
52.55,58.66,28.17,33.51,0.0,0.0,-0.0,33.51,0.0,-280.62
44.48,52.68,25.71,30.59,0.0,-0.0,0.0,30.59,0.0,-217.06
43.83,55.25,23.54,28.36,0.5,0.0,12.36,16.0,0.0,330.48
39.47,49.03,22.19,24.93,0.2368,0.0,11.12,13.81,0.0,330.92
36.17,41.83,21.63,23.95,0.0,12.36,0.0,36.31,0.0,-530.98
35.0,37.37,21.6,23.55,0.2375,12.36,0.0,35.91,0.0,-500.85
37.83,34.29,21.98,25.08,0.475,12.36,0.0,37.44,0.0,-584.85
43.74,37.04,23.96,28.79,0.7125,12.36,0.0,41.15,0.0,-751.89
57.71,42.36,29.27,31.48,0.95,2.6,0.0,34.08,0.0,-277.71
57.71,51.0,34.74,34.15,1.0,0.0,7.54,26.61,0.0,469.16
59.42,58.25,39.43,38.38,0.8395,0.0,12.36,26.02,0.0,796.82
58.69,60.55,40.2,41.11,0.5763,0.0,12.36,28.75,0.0,672.0
57.73,54.18,39.7,41.35,0.3132,0.0,12.36,28.99,0.0,618.29
54.16,49.75,39.25,40.83,0.05,0.0,0.0,40.83,0.0,-85.57
48.15,45.92,37.05,39.31,0.05,12.36,0.0,51.67,0.0,-703.95
47.76,42.87,36.91,38.07,0.2875,12.36,0.0,50.43,0.0,-645.72
53.08,42.94,38.33,38.3,0.525,12.36,0.0,50.66,0.0,-654.48
57.43,45.72,38.91,38.8,0.7625,12.36,0.0,51.16,0.0,-703.52
57.93,50.24,39.46,39.39,1.0,0.0,0.0,39.39,0.0,4.06
64.35,58.04,39.55,40.16,1.0,0.0,-0.0,40.16,0.0,-39.25
76.04,68.14,41.08,40.98,1.0,0.0,-0.0,40.98,0.0,7.6
79.15,79.58,41.33,42.2,1.0,0.0,12.36,29.84,0.0,909.43
74.67,87.59,39.77,42.49,0.7368,0.0,12.36,30.13,0.0,719.82
61.7,80.32,36.68,40.3,0.4737,0.0,12.36,27.94,0.0,539.26
58.64,69.62,33.06,37.66,0.2105,0.0,9.89,27.77,0.0,310.09
53.58,61.14,29.34,33.75,0.0,-0.0,0.0,33.75,0.0,-236.29
57.89,53.55,27.27,30.77,0.5,0.0,12.36,14.91,0.0,715.63
56.66,49.12,25.83,27.71,0.2368,0.0,11.12,14.71,0.0,630.17
54.51,43.11,24.98,26.09,0.0,2.6,0.0,27.58,0.0,-141.84
54.51,40.22,24.79,25.46,0.05,12.36,0.0,37.15,0.0,-673.74
56.33,38.47,24.94,25.18,0.2875,12.36,0.0,37.3,0.0,-696.24
59.05,38.44,26.47,25.05,0.525,12.36,0.0,38.83,0.0,-729.86
64.4,41.62,30.96,29.7,0.7625,12.36,0.0,43.32,0.0,-795.98
65.0,51.31,36.14,33.06,1.0,0.0,0.0,36.14,0.0,0.0
71.37,61.24,40.3,37.53,1.0,0.0,12.36,27.94,0.0,882.27
68.72,66.81,40.9,41.19,0.7368,0.0,12.36,28.54,0.0,849.19
61.28,61.16,40.28,41.81,0.4737,0.0,12.36,27.92,0.0,757.54
56.15,54.25,39.86,40.74,0.2105,0.0,0.0,39.86,0.0,0.0
49.73,50.44,37.62,38.7,0.2105,4.01,0.0,41.63,0.0,-199.28
49.77,46.73,37.37,37.54,0.2875,12.36,0.0,49.73,0.0,-615.16
54.94,46.56,38.61,38.38,0.525,12.36,0.0,50.97,0.0,-679.06
56.31,49.02,39.43,39.07,0.7625,12.36,0.0,51.79,0.0,-695.99
59.12,52.98,40.04,39.66,1.0,0.0,0.0,40.04,0.0,0.0
64.42,58.8,40.44,40.45,1.0,0.0,0.0,40.44,0.0,0.0
76.01,66.54,42.07,41.16,1.0,0.0,0.0,42.07,0.0,0.0
79.29,80.03,42.42,42.12,1.0,0.0,12.36,30.06,0.0,980.18
77.27,87.6,40.63,41.97,0.7368,0.0,12.36,28.27,0.0,954.85
66.53,78.54,37.46,39.69,0.4737,0.0,12.36,25.1,0.0,822.44
61.09,67.85,33.67,36.69,0.2105,0.0,9.89,23.78,0.0,603.98
52.52,59.34,29.84,32.5,0.0,0.0,0.0,29.84,0.0,0.0
51.05,53.49,27.95,30.59,0.5,0.0,12.36,18.23,0.0,496.21
50.59,48.74,26.31,27.62,0.2368,0.0,11.12,16.5,0.0,496.49
48.73,42.83,25.4,26.04,0.0,2.6,0.0,28.64,0.0,-157.99
48.07,39.92,25.2,25.51,0.05,12.36,0.0,37.87,0.0,-609.05
48.77,38.2,25.43,25.12,0.2875,12.36,0.0,37.48,0.0,-587.68
50.59,38.42,26.99,25.69,0.525,12.36,0.0,38.05,0.0,-559.53
57.89,42.0,31.72,29.92,0.7625,12.36,0.0,42.28,0.0,-611.32
56.89,52.03,36.8,32.89,1.0,-0.0,0.0,32.89,0.0,222.44
63.39,62.1,41.0,37.57,1.0,0.0,12.36,25.21,0.0,1000.93
59.5,67.68,41.42,41.49,0.7368,0.0,12.36,29.13,0.0,731.26
55.72,62.74,40.83,41.88,0.4737,0.0,12.36,29.52,0.0,630.19
52.76,56.63,40.35,41.15,0.2105,0.0,0.0,41.15,0.0,-42.21
47.15,52.72,37.91,39.65,0.2105,4.01,0.0,43.66,0.0,-270.92
47.71,49.25,37.6,38.22,0.2875,12.36,0.0,50.58,0.0,-619.28
49.52,48.78,38.86,38.47,0.525,12.36,0.0,50.83,0.0,-592.75
50.82,50.43,39.54,39.03,0.7625,12.36,0.0,51.39,0.0,-602.22
56.25,53.06,40.09,39.58,1.0,0.0,0.0,39.58,0.0,28.69
58.53,56.73,40.52,40.37,1.0,0.0,0.0,40.37,0.0,8.78
65.48,61.33,42.16,41.11,1.0,0.0,0.0,41.11,0.0,68.75
71.68,73.54,42.52,42.12,1.0,0.0,12.36,29.76,0.0,914.64
63.07,83.15,40.73,42.04,0.7368,0.0,12.36,29.68,0.0,696.92
58.25,76.03,37.64,40.04,0.4737,0.0,12.36,27.68,0.0,580.17
54.01,64.54,33.8,37.45,0.2105,0.0,9.89,27.56,0.0,336.91
47.5,56.38,29.97,33.45,0.0,0.0,-0.0,33.45,0.0,-165.3
50.11,54.3,27.88,29.4,0.5,0.0,12.36,17.04,0.0,543.19
47.4,48.04,26.31,26.14,0.2368,0.0,8.78,17.36,0.0,424.02
44.7,41.9,25.41,24.93,0.05,12.36,0.0,37.29,0.0,-531.04
43.75,35.88,25.21,24.77,0.2875,12.36,0.0,37.13,0.0,-521.5
46.47,33.35,25.5,24.23,0.525,12.36,0.0,36.59,0.0,-515.35
49.04,37.59,26.87,27.66,0.7625,12.36,0.0,40.02,0.0,-644.88
52.94,44.87,30.68,30.76,1.0,0.0,0.0,30.76,0.0,-4.24
56.53,54.55,36.08,33.79,1.0,0.0,7.54,26.25,0.0,555.67
59.14,63.27,39.92,37.81,0.8395,0.0,12.36,25.45,0.0,855.76
55.49,63.45,40.25,40.77,0.5763,0.0,12.36,28.41,0.0,657.0
46.05,55.83,39.58,41.41,0.3132,0.0,12.36,29.05,0.0,484.91
43.89,50.95,39.1,40.61,0.05,0.0,0.0,40.61,0.0,-66.27
38.34,46.64,36.81,39.01,0.05,12.36,0.0,51.37,0.0,-558.23
39.23,43.37,36.51,37.77,0.2875,12.36,0.0,50.13,0.0,-534.31
44.06,43.11,37.83,38.05,0.525,12.36,0.0,50.41,0.0,-554.27
46.14,46.16,38.51,38.53,0.7625,12.36,0.0,50.89,0.0,-571.21
55.48,50.99,39.15,39.15,1.0,0.0,0.0,39.15,0.0,0.0
57.47,58.23,39.77,39.94,1.0,0.0,-0.0,39.94,0.0,-9.77
63.17,67.25,41.31,40.75,1.0,0.0,0.0,40.75,0.0,35.38
71.26,77.16,41.93,41.97,1.0,0.0,12.36,29.61,0.0,877.92
61.4,84.99,40.1,42.2,0.7368,0.0,12.36,29.84,0.0,629.96
58.68,80.0,37.2,39.83,0.4737,0.0,12.36,27.47,0.0,570.96
54.47,69.7,33.49,37.06,0.2105,0.0,9.89,27.17,0.0,344.14
48.34,61.47,29.88,33.0,0.0,0.0,-0.0,33.0,0.0,-150.82
47.55,53.52,27.68,28.37,0.5,0.0,12.36,16.01,0.0,554.91
44.67,46.0,26.11,25.74,0.2368,0.0,8.78,16.96,0.0,408.53
44.65,40.84,25.26,24.77,0.05,12.36,0.0,37.13,0.0,-530.0
43.96,33.22,25.0,24.22,0.2875,12.36,0.0,36.58,0.0,-509.06
44.11,32.42,25.28,24.59,0.525,12.36,0.0,36.95,0.0,-514.76
46.74,37.32,26.62,27.27,0.7625,12.36,0.0,39.63,0.0,-608.09
54.09,44.69,30.61,30.68,1.0,-0.0,0.0,30.68,0.0,-3.79
63.68,53.41,35.89,34.37,1.0,0.0,12.36,22.01,0.0,883.88
67.5,60.13,39.75,38.28,0.7368,0.0,12.36,25.92,0.0,933.52
58.08,57.85,40.04,40.46,0.4737,0.0,12.36,28.1,0.0,693.48
52.85,51.96,39.19,41.37,0.2105,0.0,7.54,33.83,0.0,283.25
50.71,47.57,38.59,40.51,0.05,0.0,0.0,40.51,0.0,-97.36
43.48,43.84,36.24,38.79,0.05,12.36,0.0,51.15,0.0,-648.29
42.89,41.66,35.79,37.87,0.2875,12.36,0.0,50.23,0.0,-619.33
47.55,42.73,36.98,38.25,0.525,12.36,0.0,50.61,0.0,-648.11
50.26,46.0,37.55,38.5,0.7625,12.36,0.0,50.86,0.0,-668.96
57.12,50.3,38.29,39.12,1.0,0.0,0.0,39.12,0.0,-47.41
59.12,57.26,38.78,39.86,1.0,0.0,-0.0,39.86,0.0,-63.85
74.35,66.33,40.44,40.73,1.0,0.0,0.0,40.73,0.0,-21.56
77.26,75.17,41.33,42.15,1.0,0.0,12.36,29.79,0.0,891.58
72.68,82.68,39.39,42.12,0.7368,0.0,12.36,29.76,0.0,699.91
63.24,80.39,36.39,38.99,0.4737,0.0,12.36,26.63,0.0,617.22
54.37,70.14,32.75,36.13,0.2105,0.0,9.89,26.24,0.0,353.84
47.62,61.47,29.08,32.44,0.0,0.0,-0.0,32.44,0.0,-160.0
57.84,48.84,27.68,29.18,0.5,0.0,12.36,16.82,0.0,628.14
51.78,45.88,25.85,25.86,0.2368,0.0,8.78,17.08,0.0,453.88
48.98,42.3,24.68,24.45,0.05,0.0,0.0,24.45,0.0,11.27
46.16,39.21,24.11,23.63,0.05,12.36,0.0,35.99,0.0,-548.38
45.95,36.4,23.96,23.36,0.2875,12.36,0.0,35.72,0.0,-540.37
47.69,35.77,24.82,23.62,0.525,12.36,0.0,35.98,0.0,-532.22
48.29,39.42,26.09,24.59,0.7625,12.36,0.0,36.95,0.0,-524.43
48.03,48.77,29.12,27.65,1.0,-0.0,0.0,27.65,0.0,70.6
47.69,56.65,31.4,31.95,1.0,0.0,12.36,19.59,0.0,563.22
43.55,60.48,31.99,33.07,0.7368,0.0,12.36,20.71,0.0,491.24
40.46,59.85,31.45,32.65,0.4737,0.0,12.36,20.29,0.0,451.53
34.5,56.29,30.47,31.35,0.2105,0.0,9.89,21.46,0.0,310.78
30.72,50.68,29.13,29.81,0.0,2.6,0.0,32.41,0.0,-100.83
29.36,45.39,27.85,28.89,0.05,12.36,0.0,41.25,0.0,-393.42
28.52,43.78,27.4,27.77,0.2875,12.36,0.0,40.13,0.0,-363.06
35.0,45.68,27.85,27.22,0.525,12.36,0.0,39.58,0.0,-410.55
39.0,49.67,27.86,27.12,0.7625,12.36,0.0,39.48,0.0,-453.18
47.89,55.44,29.71,27.54,1.0,-0.0,0.0,27.54,0.0,103.92
62.02,64.2,33.25,28.71,1.0,0.0,9.89,18.82,0.0,894.82
73.06,77.91,35.47,33.93,0.7895,0.0,12.36,21.57,0.0,1015.53
65.87,78.86,34.36,37.96,0.5263,0.0,12.36,25.6,0.0,577.02
54.68,67.94,31.12,36.14,0.2632,0.0,12.36,23.78,0.0,401.35
52.83,62.06,28.71,32.57,0.0,0.0,-0.0,32.57,0.0,-203.92
45.44,56.17,26.51,28.59,-0.0,0.0,0.0,28.59,0.0,-94.52
50.09,48.97,24.8,28.07,0.5,0.0,12.36,15.71,0.0,455.32
44.54,46.32,23.21,25.63,0.2368,0.0,8.78,16.85,0.0,283.08
43.0,41.9,22.29,24.49,0.05,0.0,0.0,24.49,0.0,-94.6
40.94,38.57,21.75,23.66,0.05,12.36,0.0,36.02,0.0,-584.21
40.12,36.16,21.52,22.75,0.2875,12.36,0.0,35.11,0.0,-545.23
43.14,35.67,22.1,23.69,0.525,12.36,0.0,36.05,0.0,-601.8
42.58,38.74,22.19,25.71,0.7625,12.36,0.0,38.07,0.0,-676.17
40.0,48.23,23.17,28.58,1.0,-0.0,0.0,28.58,0.0,-216.4
39.71,55.71,24.45,31.85,1.0,0.0,12.36,19.49,0.0,196.96
42.0,59.05,25.49,33.4,0.7368,0.0,12.36,21.04,0.0,186.9
42.84,59.04,26.1,33.42,0.4737,0.0,12.36,21.06,0.0,215.91
41.95,55.64,26.06,32.49,0.2105,0.0,9.89,22.6,0.0,145.06
40.07,49.24,25.6,30.04,0.0,2.6,0.0,32.64,0.0,-282.18
37.15,42.77,24.18,29.13,0.05,12.36,0.0,41.49,0.0,-643.07
37.57,40.6,23.68,28.04,0.2875,12.36,0.0,40.4,0.0,-628.17
43.68,42.8,24.24,27.44,0.525,12.36,0.0,39.8,0.0,-679.66
50.39,48.01,24.93,27.41,0.7625,12.36,0.0,39.77,0.0,-747.79
57.03,55.15,26.49,28.03,1.0,-0.0,0.0,28.03,0.0,-87.83
59.88,65.29,29.55,29.67,1.0,0.0,9.89,19.78,0.0,584.91
68.89,77.81,32.34,35.08,0.7895,0.0,12.36,22.72,0.0,662.72
66.65,77.9,32.4,38.01,0.5263,0.0,12.36,25.65,0.0,449.89
63.1,67.17,30.54,35.74,0.2632,0.0,12.36,23.38,0.0,451.8
53.77,61.61,28.01,32.19,0.0,0.0,-0.0,32.19,0.0,-224.76
47.63,55.71,25.51,28.6,-0.0,0.0,0.0,28.6,0.0,-147.18
42.44,54.11,23.59,29.3,0.5,0.0,12.36,11.23,0.0,524.64
38.17,42.85,22.21,25.83,0.2368,0.0,8.77,13.44,0.0,334.89
38.0,32.95,21.57,24.5,0.05,12.36,0.0,33.93,0.0,-469.68
37.16,29.13,21.45,23.76,0.2875,12.36,0.0,33.81,0.0,-459.3
38.0,29.98,21.87,24.34,0.525,12.36,0.0,34.23,0.0,-469.68
42.6,36.83,23.7,27.22,0.7625,12.36,0.0,36.06,0.0,-526.54
50.5,45.41,28.66,30.18,1.0,0.0,0.0,28.66,0.0,0.0
54.99,51.59,34.27,33.36,1.0,0.0,12.36,21.91,0.0,679.79
56.44,55.87,38.52,37.3,0.7368,0.0,12.36,26.16,0.0,697.44
53.33,54.72,38.88,40.08,0.4737,0.0,12.36,26.52,0.0,659.26
48.87,49.36,38.26,41.22,0.2105,0.0,0.0,38.26,0.0,0.0
47.34,45.37,37.67,40.47,0.2105,0.0,0.0,37.67,0.0,0.0
35.23,42.02,35.52,38.68,0.2105,12.36,0.0,47.88,0.0,-435.44
34.41,40.04,35.48,37.89,0.448,12.36,0.0,47.84,0.0,-425.31
40.41,41.46,36.79,38.39,0.6855,12.36,0.0,49.15,0.0,-499.47
48.83,44.72,37.35,38.56,0.923,4.01,0.0,41.36,0.0,-195.67
54.02,49.37,37.92,39.08,1.0,0.0,0.0,37.92,0.0,0.0
57.93,57.25,38.14,39.68,1.0,0.0,0.0,38.14,0.0,0.0
66.68,66.42,39.42,40.54,1.0,0.0,0.0,39.42,0.0,0.0
72.71,74.7,40.27,41.96,1.0,0.0,12.36,27.91,0.0,898.84
65.48,82.08,39.08,42.16,0.7368,0.0,12.36,26.72,0.0,809.15
61.15,79.68,36.31,39.09,0.4737,0.0,12.36,23.95,0.0,755.93
54.24,69.39,32.66,36.59,0.2105,0.0,9.89,22.77,0.0,536.26
45.12,60.71,29.06,33.02,0.0,0.0,0.0,29.06,0.0,0.0
43.96,53.17,27.13,28.17,0.5,0.0,12.36,15.81,0.0,497.63
42.28,45.43,25.65,26.04,0.2368,0.0,8.78,17.26,0.0,354.54
40.04,39.54,24.73,24.96,0.05,12.36,0.0,37.32,0.0,-504.1
38.0,35.88,24.59,24.49,0.2875,12.36,0.0,36.85,0.0,-465.88
41.15,35.4,24.75,24.57,0.525,12.36,0.0,36.93,0.0,-501.21
44.18,36.79,26.22,26.85,0.7625,12.36,0.0,39.21,0.0,-573.9
53.32,43.15,30.26,30.2,1.0,0.0,0.0,30.2,0.0,3.2
57.12,52.16,35.7,34.06,1.0,0.0,0.0,34.06,0.0,93.68
58.73,60.61,39.94,38.88,1.0,0.0,12.36,26.52,0.0,788.16
56.06,62.86,40.27,41.59,0.7368,0.0,12.36,29.23,0.0,618.9
52.79,57.19,39.68,41.77,0.4737,0.0,12.36,29.41,0.0,542.15
48.39,52.35,39.16,41.13,0.2105,0.0,0.0,41.13,0.0,-95.33
40.48,48.3,36.85,39.14,0.2105,4.01,0.0,43.15,0.0,-254.86
40.73,45.48,36.54,37.9,0.2875,12.36,0.0,50.26,0.0,-558.82
45.56,45.83,37.8,38.35,0.525,12.36,0.0,50.71,0.0,-588.18
51.03,47.89,38.33,38.71,0.7625,12.36,0.0,51.07,0.0,-650.12
55.36,51.11,39.02,39.25,1.0,0.0,0.0,39.25,0.0,-12.73
57.06,56.81,39.37,40.06,1.0,0.0,-0.0,40.06,0.0,-39.37
65.18,63.95,40.63,40.92,1.0,0.0,0.0,40.92,0.0,-18.9
73.63,77.27,41.44,41.85,1.0,0.0,12.36,29.49,0.0,879.88
68.36,87.78,39.87,41.96,0.7368,0.0,12.36,29.6,0.0,702.06
61.06,82.01,36.97,40.06,0.4737,0.0,12.36,27.7,0.0,566.03
50.16,70.83,33.11,37.29,0.2105,0.0,9.89,27.4,0.0,286.31
47.81,61.52,29.48,32.8,0.0,-0.0,0.0,32.8,0.0,-158.73
44.43,53.89,27.41,24.46,0.5,0.0,12.36,12.1,0.0,680.22
43.84,41.9,25.86,23.66,0.2368,0.0,8.78,14.88,0.0,481.17
40.41,36.32,24.9,23.39,0.05,12.36,0.0,35.75,0.0,-438.45
39.99,34.33,24.73,24.2,0.2875,12.36,0.0,36.56,0.0,-473.08
42.29,34.88,24.96,25.5,0.525,12.36,0.0,37.86,0.0,-545.54
45.0,36.97,26.41,27.98,0.7625,12.36,0.0,40.34,0.0,-626.85
49.63,43.35,30.47,31.16,1.0,-0.0,0.0,31.16,0.0,-34.24
55.69,53.77,35.96,35.02,1.0,0.0,0.0,35.02,0.0,52.35
59.17,63.66,39.97,39.42,1.0,0.0,12.36,27.06,0.0,763.88
56.09,66.32,40.23,41.73,0.7368,0.0,12.36,29.37,0.0,609.14
48.94,60.33,39.61,41.49,0.4737,0.0,12.36,29.13,0.0,512.89
48.0,55.77,38.99,40.91,0.2105,0.0,0.0,40.91,0.0,-92.16
43.37,52.69,36.71,39.34,0.2105,12.36,0.0,51.7,0.0,-650.12
43.37,50.33,36.43,38.15,0.448,12.36,0.0,50.51,0.0,-610.65
47.18,51.16,37.62,38.63,0.6855,12.36,0.0,50.99,0.0,-630.8
48.7,53.47,38.18,39.03,0.923,4.01,0.0,43.04,0.0,-236.48
53.86,55.91,38.92,39.54,1.0,0.0,0.0,39.54,0.0,-33.39
59.11,57.48,39.32,40.27,1.0,0.0,0.0,40.27,0.0,-56.15
64.54,60.2,40.73,40.83,1.0,0.0,0.0,40.83,0.0,-6.45
69.72,71.15,41.49,41.56,1.0,0.0,12.36,29.2,0.0,856.86
63.17,79.85,39.97,41.29,0.7368,0.0,12.36,28.93,0.0,697.4
59.54,72.51,37.07,39.27,0.4737,0.0,12.36,26.91,0.0,604.93
47.94,61.35,33.18,36.41,0.2105,0.0,9.89,26.52,0.0,319.18
45.13,54.94,29.44,32.73,0.0,0.0,-0.0,32.73,0.0,-148.48
45.61,54.99,27.66,24.92,0.5,0.0,12.36,12.56,0.0,688.71
43.92,41.07,26.08,23.87,0.2368,0.0,8.78,15.09,0.0,482.49
42.12,33.63,25.23,23.46,0.05,12.36,0.0,35.82,0.0,-446.05
38.92,30.43,24.95,24.23,0.2875,12.36,0.0,36.59,0.0,-453.03
39.76,30.25,25.11,25.76,0.525,12.36,0.0,38.12,0.0,-517.28
43.45,36.72,26.5,28.05,0.7625,12.36,0.0,40.41,0.0,-604.39
50.76,46.28,30.58,30.96,1.0,-0.0,0.0,30.96,0.0,-19.29
55.52,54.41,35.86,34.9,1.0,0.0,7.54,27.36,0.0,471.9
55.22,62.6,39.74,39.11,0.8395,0.0,12.36,26.75,0.0,717.31
52.94,61.6,40.02,41.41,0.5763,0.0,12.36,29.05,0.0,580.75
46.89,55.46,39.34,41.71,0.3132,0.0,12.36,29.35,0.0,468.43
44.15,51.2,38.8,40.59,0.05,0.0,0.0,40.59,0.0,-79.03
39.01,47.37,36.65,38.5,0.05,12.36,0.0,50.86,0.0,-554.33
39.93,44.55,36.46,37.42,0.2875,12.36,0.0,49.78,0.0,-531.87
43.07,44.66,37.64,38.31,0.525,12.36,0.0,50.67,0.0,-561.2
45.73,47.52,38.12,38.73,0.7625,12.36,0.0,51.09,0.0,-593.12
53.31,51.92,38.65,39.24,1.0,0.0,0.0,39.24,0.0,-31.45
54.65,58.38,39.06,40.02,1.0,0.0,-0.0,40.02,0.0,-52.46
64.26,65.86,40.47,40.82,1.0,0.0,0.0,40.82,0.0,-22.49
70.49,76.93,41.21,41.73,1.0,0.0,12.36,29.37,0.0,834.6
59.21,85.68,39.65,41.84,0.7368,0.0,12.36,29.48,0.0,602.17
56.27,81.52,36.82,39.74,0.4737,0.0,12.36,27.38,0.0,531.19
50.51,71.03,33.09,36.85,0.2105,0.0,9.89,26.96,0.0,309.53
46.9,62.47,29.47,32.42,0.0,-0.0,0.0,32.42,0.0,-138.36
50.86,49.9,27.71,32.07,0.5,0.0,12.36,15.35,0.0,628.73
49.56,47.33,26.13,27.56,0.2368,0.0,11.12,15.01,0.0,551.21
48.7,42.33,25.27,25.9,0.0,2.6,0.0,27.87,0.0,-126.72
49.23,38.4,25.08,25.54,0.05,12.36,0.0,37.44,0.0,-608.48
49.36,35.73,25.22,25.33,0.2875,12.36,0.0,37.58,0.0,-610.09
50.64,33.76,26.62,25.46,0.525,12.36,0.0,38.98,0.0,-625.91
59.56,36.73,30.6,26.12,0.7625,12.36,0.0,42.96,0.0,-736.16
61.33,45.52,35.9,30.59,1.0,0.0,0.0,35.9,0.0,0.0
65.49,53.72,39.78,35.84,1.0,0.0,12.36,27.42,0.0,809.59
56.61,58.41,39.96,38.96,0.7368,0.0,12.36,27.6,0.0,699.55
52.25,56.16,39.2,41.22,0.4737,0.0,12.36,26.84,0.0,645.91
45.7,47.86,38.47,40.73,0.2105,0.0,9.89,28.58,0.0,451.83
42.34,39.06,36.29,38.8,0.0,12.36,0.0,48.65,0.0,-523.32
39.95,32.51,35.85,37.75,0.2375,12.36,0.0,48.21,0.0,-493.78
45.66,30.27,36.8,37.65,0.475,12.36,0.0,49.16,0.0,-564.36
52.29,34.14,37.31,37.48,0.7125,12.36,0.0,49.67,0.0,-646.3
56.63,40.55,37.86,37.97,0.95,2.6,0.0,40.46,0.0,-147.36
59.56,46.4,38.27,39.14,1.0,0.0,0.0,38.27,0.0,0.0
75.58,53.48,39.87,40.95,1.0,0.0,9.89,29.98,0.0,747.24
79.41,63.74,40.95,42.17,0.7895,0.0,12.36,28.59,0.0,981.66
77.27,67.39,39.31,42.31,0.5263,0.0,12.36,26.95,0.0,954.85
63.63,57.65,36.27,39.54,0.2632,0.0,12.36,23.91,0.0,786.59
57.68,53.12,32.58,36.66,0.0,0.0,0.0,32.58,0.0,0.0
50.33,50.07,29.13,32.97,0.0,0.0,0.0,29.13,0.0,0.0
53.04,43.57,27.24,33.2,0.5,0.0,12.36,20.84,0.0,339.46
50.0,38.33,25.6,26.96,0.2368,0.0,11.12,15.84,0.0,488.2
46.49,34.24,24.45,24.99,0.0,0.0,0.0,24.99,0.0,-25.1
48.0,30.91,24.01,25.12,-0.0,12.36,0.0,37.48,0.0,-646.56
48.28,27.94,23.92,24.4,0.2375,12.36,0.0,36.76,0.0,-619.92
50.71,26.18,24.57,24.42,0.475,12.36,0.0,36.78,0.0,-619.17
52.02,27.86,25.98,25.14,0.7125,12.36,0.0,37.5,0.0,-599.27
53.07,32.73,28.83,27.8,0.95,2.6,0.0,30.4,0.0,-83.43
52.6,36.34,31.0,31.26,1.0,0.0,7.54,23.72,0.0,382.91
47.87,38.61,31.52,32.59,0.8395,0.0,12.36,20.23,0.0,540.45
42.64,39.9,30.99,33.02,0.5763,0.0,12.36,20.66,0.0,440.47
37.16,38.79,30.02,32.27,0.3132,0.0,12.36,19.91,0.0,375.69
30.0,34.69,28.54,30.05,0.05,0.0,0.0,30.05,0.0,-45.3
26.79,28.02,27.38,27.71,0.05,12.36,0.0,40.07,0.0,-339.97
30.0,24.17,27.18,26.02,0.2875,12.36,0.0,38.38,0.0,-336.0
34.68,22.03,27.3,24.92,0.525,12.36,0.0,37.28,0.0,-346.11
42.87,26.46,28.02,24.53,0.7625,12.36,0.0,36.89,0.0,-380.26
53.94,37.66,29.64,25.15,1.0,0.0,-0.0,25.15,0.0,242.19
65.15,49.65,32.71,28.82,1.0,0.0,0.0,28.82,0.0,253.43
77.95,64.02,35.1,35.07,1.0,0.0,12.36,22.71,0.0,965.8
73.12,69.12,34.06,38.11,0.7368,0.0,12.36,25.75,0.0,607.63
62.73,57.72,31.41,36.59,0.4737,0.0,12.36,24.23,0.0,450.4
57.1,53.86,28.94,33.13,0.2105,0.0,9.89,23.24,0.0,325.36
49.75,50.64,26.01,29.13,-0.0,0.0,0.0,29.13,0.0,-155.22
51.82,64.18,24.44,31.94,,,,,,
44.03,45.38,22.75,27.55,,,,,,
39.0,43.17,21.02,25.44,,,,,,
38.53,39.37,21.12,24.86,,,,,,
43.72,35.77,21.41,24.44,,,,,,
44.6,33.13,21.65,23.96,,,,,,
47.28,30.44,22.75,24.32,,,,,,
49.07,29.23,24.24,27.12,,,,,,
48.93,30.98,25.28,30.87,,,,,,
49.14,35.4,25.44,32.23,,,,,,
47.58,38.85,25.38,32.01,,,,,,
41.97,37.94,24.95,30.95,,,,,,
38.7,32.84,23.81,29.99,,,,,,
35.92,27.6,23.34,28.55,,,,,,
41.29,22.34,23.36,27.46,,,,,,
49.07,20.58,23.76,26.79,,,,,,
53.79,26.55,25.18,26.53,,,,,,
60.61,38.36,27.9,26.88,,,,,,
71.07,49.75,30.88,29.11,,,,,,
69.46,64.58,31.7,34.37,,,,,,
67.45,67.77,30.31,37.39,,,,,,
59.68,57.11,28.0,35.71,,,,,,
54.4,55.26,26.54,33.97,,,,,,
49.12,53.4,25.08,32.22,,,,,,
55.52,42.71,24.62,29.68,0.5,0.0,0.0,24.62,0.0,0.0
52.91,42.57,23.12,27.97,0.5,1.3,0.0,24.42,0.0,-68.84
49.61,42.67,22.28,27.8,0.525,0.0,0.0,22.28,0.0,0.0
47.41,41.97,22.14,26.7,0.525,12.36,0.0,34.5,0.0,-585.99
47.0,42.24,22.33,26.0,0.7625,12.36,0.0,34.69,0.0,-580.92
52.99,45.25,23.81,26.05,1.0,0.0,0.0,23.81,0.0,0.0
64.82,53.73,27.88,26.81,1.0,0.0,0.0,27.88,0.0,0.0
73.93,69.02,32.94,28.84,1.0,0.0,0.0,32.94,0.0,0.0
76.54,86.17,36.47,31.96,1.0,0.0,9.89,26.58,0.0,756.73
74.27,92.1,37.9,37.01,0.7895,0.0,12.36,25.54,0.0,918.12
71.58,91.37,37.66,40.84,0.5263,0.0,12.36,25.3,0.0,884.53
69.8,87.97,37.21,42.77,0.2632,0.0,12.36,24.85,0.0,862.87
68.22,76.88,35.78,43.71,0.0,2.6,0.0,38.38,0.0,-177.52
67.69,70.37,34.91,42.67,0.05,12.36,0.0,47.27,0.0,-836.65
68.79,67.46,35.54,40.92,0.2875,12.36,0.0,47.9,0.0,-850.24
69.59,67.82,36.22,40.98,0.525,12.36,0.0,48.58,0.0,-860.13
74.65,73.51,37.52,43.48,0.7625,12.36,0.0,49.88,0.0,-922.67
78.41,80.86,40.17,45.38,1.0,0.0,0.0,40.17,0.0,0.0
80.71,88.94,40.38,46.87,1.0,0.0,0.0,40.38,0.0,0.0
80.52,98.28,39.59,46.76,1.0,0.0,12.36,27.23,0.0,995.39
77.95,104.02,37.03,41.46,0.7368,0.0,12.36,24.67,0.0,963.25
74.21,100.15,33.96,39.56,0.4737,0.0,12.36,21.6,0.0,917.38
71.69,91.08,30.6,36.61,0.2105,0.0,9.89,20.71,0.0,708.78
64.81,82.25,27.16,33.27,0.0,0.0,0.0,27.16,0.0,0.0
55.2,76.34,24.21,29.65,0.5,0.0,12.36,17.29,0.0,381.98
55.3,56.92,22.84,27.38,0.2368,0.0,11.12,16.26,0.0,364.1
53.99,48.95,22.11,26.57,0.0,0.0,0.0,26.57,0.0,-240.8
54.41,45.38,22.06,26.03,-0.0,2.6,0.0,28.63,0.0,-357.59
54.02,42.4,22.56,25.61,0.05,12.36,0.0,37.97,0.0,-832.45
57.06,41.21,24.67,26.02,0.2875,12.36,0.0,38.38,0.0,-782.29
66.23,42.42,30.64,27.11,0.525,12.36,0.0,39.47,0.0,-584.81
74.14,44.9,37.12,29.04,0.7625,12.36,0.0,41.4,0.0,-317.32
80.39,47.42,41.87,32.32,1.0,0.0,0.0,32.32,0.0,767.72
78.04,48.98,43.14,38.52,1.0,0.0,0.0,38.52,0.0,360.54
72.33,49.21,42.59,43.22,1.0,0.0,0.0,43.22,0.0,-45.57
67.0,48.99,42.1,43.52,1.0,0.0,0.0,43.52,0.0,-95.14
61.78,47.9,39.74,42.25,1.0,0.0,0.0,42.25,0.0,-155.07
61.04,46.05,39.59,40.7,1.0,0.0,0.0,40.7,0.0,-67.75
64.81,45.39,40.99,39.62,1.0,0.0,0.0,39.62,0.0,88.79
64.95,47.05,41.83,40.31,1.0,0.0,0.0,40.31,0.0,98.72
68.31,49.63,42.67,37.8,1.0,0.0,0.0,37.8,0.0,332.67
74.17,52.51,43.92,33.96,1.0,-0.0,0.0,33.96,0.0,738.73
78.25,58.19,45.1,35.07,1.0,0.0,9.89,25.18,0.0,1558.58
73.98,69.81,43.66,37.13,0.7895,0.0,12.36,24.77,0.0,1397.48
69.74,73.4,41.01,36.99,0.5263,0.0,12.36,24.63,0.0,1142.34
64.29,63.8,37.85,35.23,0.2632,0.0,12.36,22.87,0.0,963.06
62.89,55.81,34.05,34.54,0.0,0.0,0.0,34.54,0.0,-30.82
58.49,51.49,30.54,32.27,-0.0,-0.0,0.0,32.27,0.0,-101.19
44.97,46.65,23.85,28.33,0.5,0.0,0.0,23.85,0.0,0.0
42.95,44.56,22.48,26.59,0.5,0.0,0.0,22.48,0.0,0.0
40.0,43.65,21.89,25.6,0.5,1.3,0.0,23.19,0.0,-52.04
39.0,42.61,21.85,25.37,0.525,12.36,0.0,34.21,0.0,-482.04
36.32,43.31,22.2,25.35,0.7625,12.36,0.0,34.56,0.0,-448.92
42.83,46.04,24.07,25.49,1.0,0.0,0.0,24.07,0.0,0.0
51.56,51.36,29.85,26.36,1.0,0.0,0.0,29.85,0.0,0.0
54.0,57.71,34.99,29.1,1.0,0.0,0.0,34.99,0.0,0.0
56.25,66.02,39.92,36.63,1.0,0.0,12.36,27.56,0.0,695.36
55.19,68.54,40.78,41.34,0.7368,0.0,12.36,28.42,0.0,682.0
48.93,61.96,40.22,41.75,0.4737,0.0,12.36,27.86,0.0,604.87
46.78,57.28,39.75,41.68,0.2105,0.0,0.0,39.75,0.0,0.0
41.83,54.52,37.58,39.55,0.2105,0.0,0.0,37.58,0.0,0.0
42.0,51.81,37.49,38.45,0.2105,12.36,0.0,49.85,0.0,-519.12
44.38,51.05,38.85,38.92,0.448,12.36,0.0,51.21,0.0,-548.54
47.88,52.38,39.47,38.06,0.6855,12.36,0.0,51.83,0.0,-591.8
55.19,54.12,40.13,37.86,0.923,0.0,0.0,40.13,0.0,0.0
57.13,55.4,40.32,38.22,0.923,0.0,0.0,40.32,0.0,0.0
66.4,58.53,42.24,39.55,0.923,0.0,6.27,35.97,0.0,416.34
66.93,69.12,41.75,41.16,0.7895,0.0,12.36,29.39,0.0,827.39
61.13,71.85,39.88,39.65,0.5263,0.0,12.36,27.52,0.0,755.4
55.96,58.99,36.71,36.5,0.2632,0.0,12.36,24.35,0.0,691.78
50.21,53.51,32.9,34.34,0.0,0.0,0.0,32.9,0.0,0.0
41.92,50.4,29.45,31.06,0.0,0.0,0.0,29.45,0.0,0.0
47.31,50.16,27.8,27.93,0.5,0.0,9.98,17.82,0.0,472.19
45.3,44.1,26.16,26.43,0.2875,12.36,0.0,38.52,0.0,-559.91
45.02,41.15,25.29,25.66,0.525,12.36,0.0,37.65,0.0,-556.45
43.02,42.43,24.99,25.4,0.7625,12.36,0.0,37.35,0.0,-531.73
42.59,45.58,25.09,25.04,1.0,0.0,0.0,25.09,0.0,0.0
45.89,48.59,26.53,25.38,1.0,0.0,0.0,26.53,0.0,0.0
57.09,53.71,31.13,27.31,1.0,0.0,0.0,31.13,0.0,0.0
69.75,60.07,35.88,30.48,1.0,0.0,9.89,25.99,0.0,689.6
77.99,67.92,40.06,34.89,0.7895,0.0,12.36,27.7,0.0,964.11
77.38,68.62,40.69,39.89,0.5263,0.0,12.36,28.33,0.0,956.21
71.87,62.87,40.47,41.2,0.2632,0.0,12.36,28.11,0.0,888.46
60.01,58.83,40.01,41.12,0.0,0.0,0.0,40.01,0.0,0.0
49.92,56.13,37.71,39.02,0.0,0.0,0.0,37.71,0.0,0.0
49.05,53.64,37.38,36.94,0.0,4.01,0.0,41.39,0.0,-196.56
59.22,52.5,38.45,37.58,0.077,12.36,0.0,50.81,0.0,-731.96
60.95,52.3,38.78,38.23,0.3145,12.36,0.0,51.14,0.0,-753.34
64.8,53.19,38.83,38.03,0.552,12.36,0.0,51.19,0.0,-800.93
59.23,54.32,38.6,37.87,0.7895,0.0,0.0,38.6,0.0,0.0
58.98,55.05,38.7,38.15,0.7895,0.0,0.0,38.7,0.0,0.0
63.19,57.62,39.16,38.76,0.7895,0.0,0.0,39.16,0.0,0.0
65.0,66.75,39.97,39.81,0.7895,0.0,12.36,27.61,0.0,803.53
58.26,72.95,37.18,38.39,0.5263,0.0,12.36,24.82,0.0,719.94
48.97,62.13,33.51,35.36,0.2632,0.0,12.36,21.15,0.0,605.37
45.2,56.22,29.99,32.72,0.0,0.0,0.0,29.99,0.0,0.0
57.71,50.82,27.22,29.91,0.5,0.0,12.36,17.55,0.0,558.06
55.46,49.22,25.67,26.84,0.2368,0.0,0.0,26.84,0.0,-64.89
50.7,45.1,24.45,25.77,0.2368,2.64,0.0,28.41,0.0,-200.59
50.59,43.11,24.15,25.44,0.2875,12.36,0.0,37.8,0.0,-690.55
50.92,42.17,23.96,25.12,0.525,12.36,0.0,37.48,0.0,-688.44
55.58,43.6,24.2,25.04,0.7625,12.36,0.0,37.4,0.0,-733.66
55.58,48.75,25.13,26.08,1.0,-0.0,0.0,26.08,0.0,-52.8
58.81,56.33,28.14,29.13,1.0,-0.0,0.0,29.13,0.0,-58.22
62.9,67.03,30.79,35.02,1.0,0.0,9.89,25.13,0.0,355.89
63.31,78.13,31.79,40.28,0.7895,0.0,12.36,27.92,0.0,245.01
64.75,74.9,31.65,40.71,0.5263,0.0,12.36,28.35,0.0,213.67
62.38,68.22,30.78,40.44,0.2632,0.0,12.36,28.08,0.0,168.43
60.95,62.94,29.38,39.58,0.0,0.0,0.0,39.58,0.0,-621.69
55.71,57.5,27.87,37.59,-0.0,0.0,0.0,37.59,0.0,-541.5
55.4,55.37,27.32,38.05,-0.0,12.36,0.0,50.41,0.0,-1279.19
55.53,56.33,27.39,38.71,0.2375,12.36,0.0,51.07,0.0,-1314.95
56.78,57.48,27.79,38.67,0.475,2.67,0.0,41.34,0.0,-769.4
58.13,58.19,28.52,38.59,0.5263,0.0,0.0,38.59,0.0,-585.37
59.97,58.39,29.93,38.53,0.5263,0.0,0.0,38.53,0.0,-515.74
62.3,58.14,31.59,38.17,0.5263,0.0,0.0,38.17,0.0,-409.93
66.52,61.02,32.48,37.86,0.5263,0.0,0.0,37.86,0.0,-357.88
64.5,68.31,31.63,39.29,0.5263,0.0,12.36,26.93,0.0,303.15
57.01,69.62,28.88,38.21,0.2632,0.0,12.36,25.85,0.0,172.74
48.63,59.65,26.09,34.99,0.0,0.0,-0.0,34.99,0.0,-432.81
39.21,54.88,27.92,32.18,0.5,0.0,12.36,15.56,0.0,484.71
36.68,51.83,26.35,28.14,0.2368,0.0,0.0,26.35,0.0,0.0
34.04,53.59,25.38,25.69,0.2368,0.0,11.12,14.26,0.0,378.59
32.96,47.4,25.15,24.64,0.0,0.0,0.0,25.15,0.0,0.0
33.34,44.31,25.15,24.11,0.0,12.36,0.0,37.51,0.0,-412.08
34.55,43.11,25.65,23.65,0.2375,12.36,0.0,38.01,0.0,-427.04
40.96,44.83,28.95,23.27,0.475,12.36,0.0,41.31,0.0,-506.27
47.18,46.84,34.44,24.13,0.7125,0.0,0.0,34.44,0.0,0.0
57.2,48.85,38.92,25.47,0.7125,0.0,0.0,38.92,0.0,0.0
48.58,50.69,40.0,26.71,0.7125,0.0,0.0,40.0,0.0,0.0
43.73,51.67,39.58,27.08,0.7125,0.0,12.36,27.22,0.0,540.59
40.09,51.64,39.36,27.32,0.4493,0.0,12.36,27.0,0.0,495.4
36.87,49.73,37.2,26.83,0.1862,0.0,0.0,37.2,0.0,0.0
35.14,46.18,37.05,26.48,0.1862,5.27,0.0,42.32,0.0,-185.25
37.53,40.82,37.98,25.83,0.2875,12.36,0.0,50.34,0.0,-463.87
40.98,36.04,38.37,24.83,0.525,12.36,0.0,50.73,0.0,-506.51
42.91,38.1,38.85,24.4,0.7625,12.36,0.0,51.21,0.0,-530.37
43.11,46.76,38.31,24.71,1.0,0.0,0.0,38.31,0.0,0.0
45.51,53.54,38.01,25.29,1.0,0.0,0.0,38.01,0.0,0.0
55.54,56.39,37.82,26.61,1.0,0.0,0.0,37.82,0.0,0.0
56.64,61.59,37.78,29.2,1.0,0.0,12.36,25.42,0.0,700.18
54.8,65.77,37.04,31.89,0.7368,0.0,12.36,24.68,0.0,677.18
45.27,65.42,33.76,32.3,0.4737,0.0,12.36,21.4,0.0,559.63
40.74,59.25,30.29,30.77,0.2105,0.0,9.89,20.4,0.0,402.79
56.66,51.78,33.89,28.57,0.5,12.36,0.0,46.25,0.0,-700.32
51.67,66.16,31.82,29.06,0.7375,0.0,12.36,19.46,0.0,638.74
50.65,64.87,30.56,28.87,0.4743,0.0,12.36,18.2,0.0,625.9
47.54,59.46,29.93,27.98,0.2112,0.0,0.0,29.93,0.0,0.0
46.14,57.09,29.84,26.34,0.2112,3.97,0.0,33.81,0.0,-183.21
45.97,55.48,30.35,26.31,0.2875,12.36,0.0,42.71,0.0,-568.19
48.5,55.34,33.44,26.48,0.525,12.36,0.0,45.8,0.0,-599.46
53.96,56.96,38.21,27.8,0.7625,12.36,0.0,50.57,0.0,-666.95
58.49,59.28,43.19,30.33,1.0,0.0,0.0,43.19,0.0,0.0
58.61,61.68,44.87,33.8,1.0,0.0,0.0,44.87,0.0,0.0
58.43,63.72,45.49,36.73,1.0,0.0,0.0,45.49,0.0,0.0
57.93,64.18,46.09,39.2,1.0,0.0,0.0,46.09,0.0,0.0
53.12,63.53,44.7,42.91,1.0,0.0,0.0,44.7,0.0,0.0
53.9,62.74,44.92,43.75,1.0,0.0,0.0,44.92,0.0,0.0
60.11,61.9,46.06,43.53,1.0,0.0,0.0,46.06,0.0,0.0
65.03,62.19,46.49,43.16,1.0,0.0,0.0,46.49,0.0,0.0
61.62,63.93,46.62,44.87,1.0,0.0,0.0,46.62,0.0,0.0
62.09,66.08,46.02,45.45,1.0,0.0,0.0,46.02,0.0,0.0
69.02,68.14,45.29,44.95,1.0,0.0,0.0,45.29,0.0,0.0
72.12,70.15,43.9,43.75,1.0,0.0,12.36,31.54,0.0,891.55
65.02,72.21,43.0,41.69,0.7368,0.0,12.36,30.64,0.0,803.47
66.85,71.5,42.2,41.34,0.4737,0.0,12.36,29.84,0.0,826.4
65.07,68.71,39.7,40.66,0.2105,0.0,9.89,29.81,0.0,643.33
58.55,64.21,36.17,38.24,0.0,0.0,0.0,36.17,0.0,0.0
45.89,62.14,28.43,35.01,0.5,12.36,0.0,40.79,0.0,-567.2
44.13,74.68,26.54,30.65,0.7375,0.0,12.36,14.18,0.0,545.53
44.06,69.16,25.33,28.14,0.4743,0.0,8.77,16.56,0.0,386.57
43.25,64.1,24.66,27.18,0.2875,0.0,0.0,24.66,0.0,0.0
41.77,61.66,24.19,26.84,0.2875,12.36,0.0,36.55,0.0,-516.28
41.66,60.62,24.08,26.92,0.525,12.36,0.0,36.44,0.0,-514.92
41.48,61.07,23.35,27.72,0.7625,12.36,0.0,35.71,0.0,-512.69
42.08,62.7,24.2,30.38,1.0,0.0,0.0,24.2,0.0,0.0
39.12,66.16,25.75,35.19,1.0,0.0,0.0,25.75,0.0,0.0
37.64,69.5,27.06,38.59,1.0,0.0,0.0,27.06,0.0,0.0
38.86,70.24,27.78,40.25,1.0,0.0,0.0,27.78,0.0,0.0
38.38,69.51,28.3,41.44,1.0,0.0,0.0,28.3,0.0,0.0
38.24,68.47,28.49,42.0,1.0,0.0,0.0,28.49,0.0,0.0
36.45,67.38,27.89,41.97,1.0,0.0,0.0,27.89,0.0,0.0
35.85,66.8,27.6,42.63,1.0,0.0,0.0,27.6,0.0,0.0
37.0,66.89,27.37,42.91,1.0,0.0,0.0,27.37,0.0,0.0
38.81,68.6,27.78,42.89,1.0,0.0,0.0,27.78,0.0,0.0
39.35,71.24,28.78,43.26,1.0,0.0,0.0,28.78,0.0,0.0
44.12,73.86,30.14,43.2,1.0,0.0,0.0,30.14,0.0,0.0
48.96,75.75,31.63,42.56,1.0,0.0,9.89,21.74,0.0,484.06
57.9,76.8,32.92,41.87,0.7895,0.0,12.36,20.56,0.0,715.76
59.43,76.66,33.08,41.96,0.5263,0.0,12.36,20.72,0.0,734.39
54.77,76.38,31.18,41.21,0.2632,0.0,12.36,18.82,0.0,677.07
49.56,72.25,28.92,37.4,0.0,0.0,0.0,28.92,0.0,0.0
39.76,69.6,30.31,33.68,0.5,0.0,0.0,30.31,0.0,0.0
39.0,71.81,28.57,29.95,0.5,0.0,9.98,18.59,0.0,389.25
38.6,68.18,27.52,28.14,0.2875,0.0,0.0,27.52,0.0,0.0
37.52,65.93,27.07,27.01,0.2875,0.0,0.0,27.07,0.0,0.0
37.67,64.37,27.12,26.52,0.2875,12.36,0.0,39.48,0.0,-465.6
38.85,63.39,28.49,26.5,0.525,12.36,0.0,40.85,0.0,-480.19
47.15,63.6,32.2,27.67,0.7625,12.36,0.0,44.56,0.0,-582.77
47.06,66.04,36.12,30.07,1.0,0.0,0.0,36.12,0.0,0.0
56.05,72.35,40.81,34.39,1.0,0.0,0.0,40.81,0.0,0.0
52.03,80.7,42.08,39.45,1.0,0.0,0.0,42.08,0.0,0.0
48.26,85.78,42.17,41.42,1.0,0.0,12.36,29.81,0.0,596.59
45.06,81.14,42.09,41.3,0.7368,0.0,9.95,32.14,0.0,448.25
42.02,76.62,40.2,41.13,0.525,0.0,0.0,40.2,0.0,0.0
40.9,72.75,40.16,40.25,0.525,12.36,0.0,52.52,0.0,-505.52
46.0,71.85,41.44,40.14,0.7625,12.36,0.0,53.8,0.0,-568.56
52.46,75.4,41.97,41.09,1.0,0.0,0.0,41.97,0.0,0.0
55.23,78.42,42.31,41.49,1.0,0.0,0.0,42.31,0.0,0.0
59.41,79.18,41.82,41.54,1.0,0.0,0.0,41.82,0.0,0.0
61.2,80.02,41.56,41.19,1.0,0.0,0.0,41.56,0.0,0.0
74.11,85.49,41.93,40.73,1.0,0.0,12.36,29.57,0.0,916.15
74.62,88.98,41.91,41.43,0.7368,0.0,12.36,29.55,0.0,922.1
63.2,85.35,39.13,42.1,0.4737,0.0,12.36,26.77,0.0,781.28
51.4,82.01,35.42,39.54,0.2105,0.0,9.89,25.53,0.0,508.18
46.99,78.65,32.26,35.81,0.0,0.0,0.0,32.26,0.0,0.0
40.69,73.07,27.64,31.97,0.5,10.41,0.0,38.05,0.0,-423.52
40.0,66.31,26.22,28.33,0.7,10.41,0.0,36.63,0.0,-416.34
39.6,63.69,25.55,26.97,0.9,5.2,0.0,30.75,0.0,-206.09
39.57,61.67,25.21,25.67,1.0,0.0,0.0,25.21,0.0,0.0
39.81,60.9,25.41,25.2,1.0,0.0,0.0,25.41,0.0,0.0
40.46,60.99,26.64,26.08,1.0,0.0,0.0,26.64,0.0,0.0
51.9,63.12,31.26,28.61,1.0,0.0,9.39,21.87,0.0,487.53
69.18,66.83,35.84,32.13,0.8,0.0,9.39,26.45,0.0,649.85
74.58,72.42,39.27,35.56,0.6,0.0,9.39,29.88,0.0,700.57
69.99,79.37,39.69,40.16,0.4,0.0,9.39,30.3,0.0,657.46
65.09,81.5,39.25,41.07,0.2,0.0,9.39,29.86,0.0,611.43
61.54,76.67,38.78,40.97,0.0,0.0,0.0,38.78,0.0,0.0
54.48,73.81,36.67,40.0,0.0,0.0,0.0,36.67,0.0,0.0
55.94,71.28,36.39,37.44,0.0,0.0,0.0,36.39,0.0,0.0
59.07,69.17,37.22,36.57,0.0,0.0,0.0,37.22,0.0,0.0
66.21,70.07,37.75,37.33,0.0,0.0,0.0,37.75,0.0,0.0
68.58,72.74,38.09,37.41,0.0,0.0,0.0,38.09,0.0,0.0
66.59,75.33,38.34,37.14,0.0,0.0,0.0,38.34,0.0,0.0
74.05,75.97,39.34,37.25,0.0,0.0,0.0,39.34,0.0,0.0
75.93,76.96,40.8,38.64,0.0,0.0,0.0,40.8,0.0,0.0
75.65,89.37,38.6,40.65,0.0,10.41,0.0,49.01,0.0,-787.4
71.24,90.37,35.73,39.41,0.2,10.41,0.0,46.14,0.0,-741.5
62.15,76.76,32.53,35.9,0.4,10.41,0.0,42.94,0.0,-646.88
50.0,71.45,29.37,33.06,0.6,10.41,0.0,39.78,0.0,-520.42
26.68,70.29,22.49,29.27,0.5,0.0,12.36,16.91,0.0,148.87
24.94,60.78,21.29,26.46,0.2368,0.0,11.12,15.34,0.0,148.49
22.51,44.95,20.67,25.55,0.0,0.0,0.0,25.55,0.0,-109.85
13.64,43.34,20.51,25.05,-0.0,12.36,0.0,37.41,0.0,-230.52
11.32,42.68,20.86,24.69,0.2375,12.36,0.0,37.05,0.0,-183.27
20.0,42.42,23.05,24.61,0.475,12.36,0.0,36.97,0.0,-278.4
35.5,42.48,28.29,25.8,0.7125,12.36,0.0,38.16,0.0,-350.38
43.56,43.88,33.2,28.13,0.95,2.6,0.0,30.73,0.0,107.5
40.17,49.0,37.64,31.66,1.0,0.0,-0.0,31.66,0.0,240.22
39.7,58.05,38.5,36.59,1.0,0.0,0.0,36.59,0.0,75.83
38.45,63.43,38.3,38.59,1.0,0.0,-0.0,38.59,0.0,-11.15
37.93,61.94,38.06,37.56,1.0,0.0,0.0,37.56,0.0,18.96
36.29,60.31,36.18,36.87,1.0,0.0,0.0,36.87,0.0,-25.04
38.07,59.45,36.26,37.37,1.0,0.0,0.0,37.37,0.0,-42.26
39.02,57.48,37.66,37.2,1.0,0.0,0.0,37.2,0.0,17.95
41.43,58.12,38.41,38.06,1.0,0.0,0.0,38.06,0.0,14.5
46.53,61.21,39.62,38.86,1.0,0.0,0.0,38.86,0.0,35.36
54.22,65.78,41.22,39.9,1.0,0.0,-0.0,39.9,0.0,71.57
54.3,71.01,40.84,42.42,1.0,0.0,12.36,30.06,0.0,585.35
48.91,73.14,39.99,43.13,0.7368,0.0,12.36,30.77,0.0,450.95
46.18,70.2,37.79,40.81,0.4737,0.0,12.36,28.45,0.0,431.32
42.24,65.82,35.02,37.84,0.2105,0.0,9.89,27.95,0.0,298.55
37.2,62.41,31.46,34.77,0.0,0.0,-0.0,34.77,0.0,-123.13
30.0,58.46,28.38,31.35,0.0,0.0,-0.0,31.35,0.0,-89.1
48.01,53.43,28.22,27.93,0.5,0.0,12.36,15.57,0.0,607.33
44.66,49.07,26.45,27.0,0.2368,0.0,8.78,18.22,0.0,367.36
43.14,44.86,25.63,26.23,0.05,0.0,0.0,26.23,0.0,-25.88
40.8,43.36,25.38,25.48,0.05,12.36,0.0,37.84,0.0,-508.37
39.83,43.05,25.75,25.58,0.2875,12.36,0.0,37.94,0.0,-485.53
43.67,43.3,27.38,26.38,0.525,12.36,0.0,38.74,0.0,-496.09
52.14,44.02,32.67,28.98,0.7625,12.36,0.0,41.34,0.0,-452.05
59.59,46.47,38.84,31.69,1.0,0.0,0.0,31.69,0.0,426.07
71.68,50.16,42.75,34.59,1.0,0.0,-0.0,34.59,0.0,584.91
66.91,53.5,43.5,39.03,1.0,0.0,-0.0,39.03,0.0,299.09
57.15,54.32,42.75,42.12,1.0,0.0,-0.0,42.12,0.0,36.0
56.28,54.29,42.09,43.16,1.0,0.0,0.0,43.16,0.0,-60.22
52.25,53.69,39.94,43.4,1.0,0.0,0.0,43.4,0.0,-180.79
52.33,52.89,39.78,42.49,1.0,0.0,0.0,42.49,0.0,-141.81
54.23,51.92,41.29,42.28,1.0,0.0,0.0,42.28,0.0,-53.69
57.64,52.11,42.35,43.16,1.0,0.0,0.0,43.16,0.0,-46.69
62.54,53.85,44.0,43.77,1.0,0.0,0.0,43.77,0.0,14.38
74.95,56.71,45.72,44.94,1.0,0.0,9.89,35.05,0.0,799.57
74.82,59.49,44.93,46.54,0.7895,0.0,12.36,34.18,0.0,804.32
64.48,59.93,43.78,46.61,0.5263,0.0,12.36,34.25,0.0,614.49
59.79,58.35,41.21,45.4,0.2632,0.0,12.36,33.04,0.0,488.48
54.11,56.55,38.03,43.28,0.0,0.0,-0.0,43.28,0.0,-284.08
51.46,55.56,34.39,41.01,0.0,0.0,0.0,41.01,0.0,-340.67
48.5,56.19,30.98,38.01,-0.0,0.0,-0.0,38.01,0.0,-340.95
53.77,52.0,27.57,30.16,0.5,0.0,12.36,17.8,0.0,525.33
53.64,50.12,25.9,27.35,0.2368,0.0,0.0,27.35,0.0,-77.78
52.6,47.4,24.74,25.87,0.2368,0.0,0.0,25.87,0.0,-59.44
52.0,44.18,24.38,24.51,0.2368,12.36,0.0,36.87,0.0,-649.48
50.42,43.2,24.23,23.86,0.4743,12.36,0.0,36.22,0.0,-604.54
52.44,43.35,24.7,24.21,0.7118,12.36,0.0,36.57,0.0,-622.46
55.07,45.97,26.55,25.42,0.9493,2.64,0.0,28.06,0.0,-82.95
57.72,49.42,29.22,27.13,1.0,0.0,0.0,27.13,0.0,120.63
60.41,51.76,31.71,29.49,1.0,0.0,8.74,20.75,0.0,662.38
59.22,53.16,32.6,31.32,0.8138,0.0,12.36,18.96,0.0,807.76
59.54,52.17,32.19,32.04,0.5507,0.0,12.36,19.68,0.0,744.85
56.49,50.84,31.56,31.78,0.2875,0.0,0.0,31.78,0.0,-12.43
54.06,50.25,29.92,30.9,0.2875,0.0,0.0,30.9,0.0,-52.98
52.59,46.81,28.47,29.87,0.2875,0.0,0.0,29.87,0.0,-73.63
52.09,42.43,28.02,28.76,0.2875,12.36,0.0,41.12,0.0,-682.38
52.44,42.28,27.88,28.1,0.525,12.36,0.0,40.46,0.0,-659.7
53.64,44.85,28.25,27.3,0.7625,12.36,0.0,39.66,0.0,-612.03
52.81,48.82,29.02,26.54,1.0,0.0,0.0,26.54,0.0,130.97
56.33,51.81,30.83,26.3,1.0,-0.0,0.0,26.3,0.0,255.17
61.06,54.1,32.6,27.09,1.0,0.0,0.0,27.09,0.0,336.44
69.17,61.27,33.81,29.59,1.0,0.0,9.89,19.7,0.0,975.85
59.32,78.13,31.61,32.08,0.7895,0.0,12.36,19.72,0.0,705.31
56.7,77.38,29.15,31.61,0.5263,0.0,12.36,19.25,0.0,561.33
52.81,62.74,26.51,29.85,0.2632,0.0,12.36,17.49,0.0,476.35
57.61,51.43,24.71,30.27,0.5,0.0,12.36,12.35,0.0,712.17
54.11,49.58,23.1,27.95,0.2368,0.0,8.77,14.33,0.0,474.74
53.64,46.2,21.98,26.23,0.05,0.0,0.0,21.98,0.0,0.0
52.81,43.15,21.59,24.77,0.05,12.36,0.0,33.95,0.0,-652.73
52.81,42.0,21.31,24.4,0.2875,12.36,0.0,33.67,0.0,-652.73
52.81,41.6,21.55,24.67,0.525,12.36,0.0,33.91,0.0,-652.73
53.97,44.71,22.12,25.91,0.7625,12.36,0.0,34.48,0.0,-667.07
53.97,49.39,23.01,27.51,1.0,0.0,0.0,23.01,0.0,0.0
53.97,52.38,25.03,29.77,1.0,0.0,8.75,16.28,0.0,471.99
57.61,53.86,26.38,31.36,0.8138,0.0,12.36,14.02,0.0,711.9
61.89,53.44,27.13,32.02,0.5507,0.0,12.36,14.77,0.0,765.08
59.89,50.79,27.27,32.01,0.2875,0.0,0.0,27.27,0.0,0.0
58.55,51.04,27.02,31.25,0.2875,0.0,0.0,27.02,0.0,0.0
54.6,48.61,25.19,31.11,0.2875,0.0,0.0,25.19,0.0,0.0
52.48,45.08,24.5,30.97,0.2875,12.36,0.0,36.86,0.0,-648.65
53.73,44.4,24.35,30.51,0.525,12.36,0.0,36.71,0.0,-664.1
54.61,46.63,24.65,30.14,0.7625,12.36,0.0,37.01,0.0,-674.98
54.3,49.71,25.41,29.19,1.0,0.0,0.0,25.41,0.0,0.0
55.26,52.03,27.11,27.56,1.0,0.0,0.0,27.11,0.0,0.0
58.13,53.98,29.29,27.56,1.0,0.0,0.0,29.29,0.0,0.0
62.97,60.18,31.35,29.73,1.0,0.0,9.89,21.46,0.0,622.57
59.53,76.35,30.19,32.3,0.7895,0.0,12.36,17.83,0.0,735.91
57.41,79.29,28.0,31.9,0.5263,0.0,12.36,15.64,0.0,709.43
52.81,64.98,25.19,30.17,0.2632,0.0,12.36,12.83,0.0,652.84
53.97,54.67,23.4,30.24,0.5,0.0,12.36,11.04,0.0,667.18
48.4,53.08,22.08,27.08,0.2368,0.0,0.0,22.08,0.0,0.0
46.1,50.06,21.45,26.18,0.2368,0.0,0.0,21.45,0.0,0.0
41.89,45.33,21.34,25.21,0.2368,12.36,0.0,33.7,0.0,-517.76
41.21,44.59,21.61,24.94,0.4743,12.36,0.0,33.97,0.0,-509.36
49.5,45.53,23.46,25.67,0.7118,12.36,0.0,35.82,0.0,-611.82
56.44,48.95,28.36,27.56,0.9493,2.64,0.0,31.0,0.0,-148.92
62.82,55.36,33.75,30.8,1.0,0.0,0.0,33.75,0.0,0.0
70.34,64.73,38.77,36.78,1.0,0.0,12.36,26.41,0.0,869.54
62.33,77.77,39.33,40.8,0.7368,0.0,12.36,26.97,0.0,770.23
58.23,79.87,38.71,41.37,0.4737,0.0,12.36,26.35,0.0,719.84
55.53,62.71,38.21,41.16,0.2105,0.0,9.89,28.32,0.0,549.01
49.34,57.2,36.04,39.29,0.0,0.0,0.0,36.04,0.0,0.0
47.3,52.61,35.66,36.52,0.0,12.36,0.0,48.02,0.0,-584.63
49.75,50.97,36.58,36.77,0.2375,12.36,0.0,48.94,0.0,-614.91
52.97,52.71,37.01,37.01,0.475,12.36,0.0,49.37,0.0,-654.71
55.92,54.57,37.33,37.14,0.7125,4.01,0.0,41.34,0.0,-224.08
56.28,56.21,36.98,37.21,0.7895,0.0,0.0,36.98,0.0,0.0
58.5,56.95,37.11,37.3,0.7895,0.0,0.0,37.11,0.0,0.0
66.62,57.06,37.63,37.62,0.7895,0.0,0.0,37.63,0.0,0.0
71.55,61.38,38.7,37.92,0.7895,0.0,12.36,26.34,0.0,884.5
64.99,70.98,36.49,38.86,0.5263,0.0,12.36,24.13,0.0,803.1
57.7,62.1,32.85,36.81,0.2632,0.0,12.36,20.49,0.0,713.29
54.3,53.85,29.12,34.07,0.0,0.0,0.0,29.12,0.0,0.0
52.39,47.02,26.73,26.15,0.5,0.0,12.36,13.79,0.0,677.93
50.29,40.71,25.31,26.12,0.2368,0.0,0.0,26.12,0.0,-40.73
48.99,37.63,24.51,25.27,0.2368,12.36,0.0,37.63,0.0,-642.75
51.99,35.5,24.39,24.55,0.4743,12.36,0.0,36.91,0.0,-650.91
52.39,36.79,24.49,24.55,0.7118,12.36,0.0,36.91,0.0,-650.68
55.07,40.49,25.73,25.7,0.9493,2.64,0.0,28.34,0.0,-143.53
64.1,51.04,30.08,28.34,1.0,0.0,-0.0,28.34,0.0,111.53
64.67,60.09,35.11,32.02,1.0,0.0,6.27,25.75,0.0,605.49
67.75,64.14,39.21,38.14,0.8664,0.0,12.36,25.78,0.0,909.88
63.28,64.51,39.6,40.9,0.6033,0.0,12.36,28.54,0.0,699.88
58.46,61.66,39.07,41.64,0.3401,0.0,12.36,29.28,0.0,572.32
56.65,58.15,38.32,41.05,0.077,0.0,0.0,41.05,0.0,-154.65
51.86,54.75,36.02,37.99,0.077,0.0,0.0,37.99,0.0,-102.16
51.53,51.66,35.42,36.56,0.077,12.36,0.0,48.92,0.0,-695.66
54.1,51.9,36.35,36.9,0.3145,12.36,0.0,49.26,0.0,-698.43
55.95,53.29,36.72,36.82,0.552,12.36,0.0,49.18,0.0,-697.14
57.6,54.5,37.06,36.83,0.7895,0.0,0.0,36.83,0.0,13.25
57.96,55.1,36.74,36.89,0.7895,0.0,0.0,36.89,0.0,-8.69
61.48,54.95,37.05,37.1,0.7895,0.0,0.0,37.1,0.0,-3.07
67.85,56.28,37.75,37.46,0.7895,0.0,0.0,37.46,0.0,19.68
73.44,62.92,38.76,37.84,0.7895,0.0,12.36,25.48,0.0,975.28
63.59,69.12,36.45,38.58,0.5263,0.0,12.36,26.22,0.0,650.53
60.74,60.66,32.9,36.33,0.2632,0.0,12.36,23.97,0.0,542.41
56.33,55.3,29.11,33.58,0.0,0.0,-0.0,33.58,0.0,-251.8
55.1,44.85,27.3,27.5,0.5,0.0,12.36,15.14,0.0,670.02
54.03,38.78,25.81,26.4,0.2368,0.0,0.0,26.4,0.0,-31.88
51.18,35.97,24.85,25.08,0.2368,2.64,0.0,27.72,0.0,-146.7
51.12,33.63,24.73,24.51,0.2875,12.36,0.0,36.87,0.0,-620.6
51.09,33.17,24.89,24.2,0.525,12.36,0.0,36.56,0.0,-596.22
54.5,35.55,26.26,25.49,0.7625,12.36,0.0,37.85,0.0,-631.65
61.18,45.48,30.62,28.73,1.0,0.0,-0.0,28.73,0.0,115.63
68.56,56.2,35.76,31.53,1.0,0.0,0.0,31.53,0.0,290.01
69.19,64.43,39.78,36.1,1.0,0.0,12.36,23.74,0.0,1109.81
64.79,69.0,39.96,39.88,0.7368,0.0,12.36,27.52,0.0,805.99
60.4,64.99,39.29,40.49,0.4737,0.0,12.36,28.13,0.0,674.06
59.41,59.95,38.59,40.17,0.2105,0.0,9.89,30.28,0.0,493.58
55.35,56.44,36.39,38.29,0.0,0.0,0.0,38.29,0.0,-105.17
53.11,52.55,35.87,36.33,-0.0,12.36,0.0,48.69,0.0,-680.87
55.23,52.18,36.66,36.24,0.2375,12.36,0.0,48.6,0.0,-659.45
57.14,53.77,37.18,36.41,0.475,2.67,0.0,39.08,0.0,-108.6
59.82,55.67,37.34,36.5,0.5263,0.0,0.0,36.5,0.0,50.25
59.86,56.97,37.12,36.35,0.5263,0.0,0.0,36.35,0.0,46.09
61.22,57.13,37.55,36.2,0.5263,0.0,0.0,36.2,0.0,82.65
71.3,57.35,38.14,36.41,0.5263,0.0,0.0,36.41,0.0,123.35
75.04,60.02,39.17,37.29,0.5263,0.0,12.36,24.93,0.0,1068.57
64.72,62.68,36.74,38.36,0.2632,0.0,12.36,26.0,0.0,695.09
60.03,57.4,32.97,36.47,0.0,0.0,-0.0,36.47,0.0,-210.1
55.91,53.04,29.39,33.31,0.0,0.0,-0.0,33.31,0.0,-219.17
50.57,54.48,27.36,30.42,0.5,0.0,12.36,18.06,0.0,470.3
48.07,51.05,25.85,27.04,0.2368,0.0,0.0,27.04,0.0,-57.2
47.15,49.24,24.97,25.65,0.2368,0.0,0.0,25.65,0.0,-32.06
45.76,44.93,24.68,24.49,0.2368,12.36,0.0,36.85,0.0,-556.9
45.8,44.8,24.89,24.15,0.4743,12.36,0.0,36.51,0.0,-532.2
48.06,45.32,26.24,24.97,0.7118,12.36,0.0,37.33,0.0,-532.99
56.44,47.81,30.62,27.42,0.9493,2.64,0.0,30.06,0.0,31.81
61.14,53.25,35.73,30.69,1.0,0.0,0.0,30.69,0.0,308.15
62.59,61.38,39.72,35.34,1.0,0.0,12.36,22.98,0.0,1047.76
61.36,72.92,39.84,38.21,0.7368,0.0,12.36,25.85,0.0,858.43
55.37,74.91,39.0,39.17,0.4737,0.0,12.36,26.81,0.0,674.96
51.41,57.62,38.35,39.16,0.2105,0.0,9.89,29.27,0.0,466.7
47.16,53.57,36.11,38.02,0.0,0.0,0.0,38.02,0.0,-90.08
47.51,47.62,35.63,35.84,-0.0,12.36,0.0,48.2,0.0,-597.2
50.65,43.78,36.34,35.76,0.2375,12.36,0.0,48.12,0.0,-596.66
51.81,44.79,36.7,35.96,0.475,12.36,0.0,48.32,0.0,-602.03
56.96,47.2,37.04,36.01,0.7125,12.36,0.0,48.37,0.0,-645.36
56.22,50.26,36.78,35.75,0.95,0.0,0.0,35.75,0.0,57.91
58.77,52.07,37.24,35.57,0.95,0.0,0.0,35.57,0.0,98.15
70.4,53.81,37.77,35.71,0.95,0.0,7.54,28.17,0.0,675.81
73.38,60.04,39.13,35.89,0.7895,0.0,12.36,23.53,0.0,1144.73
63.91,68.18,36.55,36.67,0.5263,0.0,12.36,24.31,0.0,782.26
57.52,61.53,32.89,34.03,0.2632,0.0,12.36,21.67,0.0,645.37
54.16,53.34,29.32,30.01,-0.0,0.0,0.0,30.01,0.0,-37.37
49.58,53.58,26.93,29.77,0.5,0.0,12.36,17.41,0.0,472.0
48.74,50.22,25.48,25.98,0.2368,0.0,0.0,25.98,0.0,-24.37
46.41,48.13,24.48,25.25,0.2368,0.0,0.0,25.25,0.0,-35.74
44.73,43.87,24.24,24.26,0.2368,12.36,0.0,36.62,0.0,-553.76
45.89,43.96,24.44,23.78,0.4743,12.36,0.0,36.14,0.0,-536.91
47.89,44.84,25.63,24.59,0.7118,12.36,0.0,36.95,0.0,-542.11
55.45,47.58,29.63,26.5,0.9493,2.64,0.0,29.14,0.0,27.37
56.85,53.45,34.33,30.07,1.0,0.0,0.0,30.07,0.0,242.18
57.73,61.46,38.04,34.91,1.0,0.0,12.36,22.55,0.0,894.24
55.95,73.17,38.13,38.13,0.7368,0.0,12.36,25.77,0.0,691.54
50.47,74.21,37.33,39.11,0.4737,0.0,12.36,26.75,0.0,533.97
47.79,56.22,36.46,39.07,0.2105,0.0,9.89,29.18,0.0,347.82
40.0,52.01,34.45,37.96,0.0,0.0,0.0,37.96,0.0,-140.4
38.26,45.62,33.57,35.74,-0.0,12.36,0.0,48.1,0.0,-555.92
40.8,42.88,34.09,35.57,0.2375,12.36,0.0,47.93,0.0,-564.67
45.0,43.72,34.2,35.57,0.475,12.36,0.0,47.93,0.0,-617.85
48.06,46.55,34.4,35.41,0.7125,12.36,0.0,47.77,0.0,-642.56
50.23,49.61,34.11,35.01,0.95,0.0,0.0,35.01,0.0,-45.21
56.02,51.06,34.89,34.65,0.95,0.0,0.0,34.65,0.0,13.44
58.51,52.15,35.74,34.17,0.95,0.0,0.0,34.17,0.0,91.86
69.74,57.93,37.01,34.1,0.95,0.0,12.36,21.74,0.0,1064.93
58.75,65.38,34.62,35.29,0.6868,0.0,12.36,22.93,0.0,686.79
56.37,62.72,31.02,32.99,0.4237,0.0,12.36,20.63,0.0,585.68
52.69,53.81,27.77,29.62,0.1605,0.0,7.54,22.08,0.0,299.79
55.46,52.55,26.05,30.34,0.5,0.0,12.36,17.98,0.0,447.56
55.1,50.45,24.47,26.65,0.2368,0.0,7.51,19.14,0.0,293.61
47.36,49.87,23.33,25.36,0.077,0.0,0.0,25.36,0.0,-96.14
45.95,45.17,22.96,24.08,0.077,12.36,0.0,36.44,0.0,-619.41
45.51,43.79,22.77,23.94,0.3145,12.36,0.0,36.3,0.0,-615.75
45.52,43.66,23.12,24.14,0.552,12.36,0.0,36.5,0.0,-609.06
53.99,45.62,24.44,25.19,0.7895,0.0,0.0,25.19,0.0,-40.49
55.1,48.61,26.58,26.79,0.7895,0.0,0.0,26.79,0.0,-11.57
53.79,50.78,28.55,29.38,0.7895,0.0,12.36,17.02,0.0,620.2
49.15,51.72,29.09,30.61,0.5263,0.0,12.36,18.25,0.0,532.79
45.74,50.76,28.3,30.71,0.2632,0.0,12.36,18.35,0.0,455.11
35.69,47.04,27.35,30.28,-0.0,0.0,0.0,30.28,0.0,-104.57
30.0,43.58,26.07,28.28,0.0,0.0,0.0,28.28,0.0,-66.3
22.36,37.38,24.8,25.8,-0.0,12.36,0.0,38.16,0.0,-298.73
20.66,30.07,24.49,24.15,0.2375,12.36,0.0,36.51,0.0,-248.33
29.68,27.26,24.46,23.23,0.475,12.36,0.0,35.59,0.0,-330.34
36.87,31.0,24.81,23.05,0.7125,12.36,0.0,35.41,0.0,-390.82
43.92,39.6,25.56,23.36,0.95,2.6,0.0,25.96,0.0,-17.66
53.79,45.55,27.37,24.12,1.0,-0.0,0.0,24.12,0.0,174.82
56.44,52.34,29.55,25.67,1.0,0.0,-0.0,25.67,0.0,218.99
68.96,63.76,31.29,28.86,1.0,0.0,12.36,16.5,0.0,1019.92
56.44,72.24,29.23,31.02,0.7368,0.0,12.36,18.66,0.0,596.57
55.1,67.69,26.63,30.35,0.4737,0.0,12.36,17.99,0.0,476.06
50.71,59.38,24.23,28.17,0.2105,0.0,9.89,18.28,0.0,301.62
52.7,54.83,22.43,30.13,0.5,0.0,12.36,17.77,0.0,245.58
46.32,51.86,20.88,25.46,0.2368,0.0,11.12,14.34,0.0,303.12
45.15,48.23,19.75,23.52,0.0,0.0,-0.0,23.52,0.0,-170.22
44.85,41.5,19.33,24.05,0.0,12.36,0.0,36.41,0.0,-766.04
44.42,39.84,19.1,23.21,0.2375,12.36,0.0,35.57,0.0,-731.6
45.37,38.54,19.3,23.06,0.475,12.36,0.0,35.42,0.0,-731.36
44.88,38.78,19.26,24.93,0.7125,12.36,0.0,37.29,0.0,-809.19
45.79,41.75,20.24,28.07,0.95,2.6,0.0,30.67,0.0,-477.69
44.81,47.88,21.83,31.26,1.0,0.0,7.54,23.72,0.0,-84.71
44.52,51.29,22.9,34.13,0.8395,0.0,12.36,21.77,0.0,50.31
43.73,51.21,23.32,34.71,0.5763,0.0,12.36,22.35,0.0,42.42
34.39,47.9,23.35,33.78,0.3132,0.0,12.36,21.42,0.0,66.37
29.06,44.69,22.75,33.25,0.05,0.0,0.0,33.25,0.0,-305.13
9.74,41.15,20.73,32.33,0.05,12.36,0.0,44.69,0.0,-233.37
6.15,39.15,19.82,32.29,0.2875,12.36,0.0,44.65,0.0,-152.7
9.65,39.92,19.88,31.77,0.525,12.36,0.0,44.13,0.0,-234.01
20.87,41.48,20.29,31.3,0.7625,12.36,0.0,43.66,0.0,-487.73
30.87,43.37,20.8,31.16,1.0,0.0,0.0,31.16,0.0,-319.81
44.42,45.81,22.37,31.12,1.0,0.0,0.0,31.12,0.0,-388.67
53.36,47.59,25.01,32.42,1.0,0.0,0.0,32.42,0.0,-395.4
57.02,51.41,27.49,35.19,1.0,0.0,9.89,25.3,0.0,124.76
56.44,60.93,27.11,37.24,0.7895,0.0,12.36,24.88,0.0,125.86
53.4,64.9,25.21,36.19,0.5263,0.0,12.36,23.83,0.0,73.69
48.8,59.6,22.89,34.06,0.2632,0.0,12.36,21.7,0.0,58.07
35.25,55.13,21.35,29.92,0.5,0.0,12.36,17.56,0.0,133.6
34.62,52.03,20.01,22.86,0.2368,0.0,11.12,11.74,0.0,286.45
29.0,46.73,19.09,21.88,0.0,0.0,0.0,21.88,0.0,-80.91
28.0,39.88,18.86,22.2,-0.0,12.36,0.0,34.56,0.0,-439.6
28.5,38.57,18.85,21.81,0.2375,12.36,0.0,34.17,0.0,-436.62
35.15,36.93,19.27,21.4,0.475,12.36,0.0,33.76,0.0,-509.32
35.25,38.46,19.84,22.51,0.7125,12.36,0.0,34.87,0.0,-529.81
39.25,43.29,21.07,23.87,0.95,2.6,0.0,26.47,0.0,-212.03
37.52,49.43,22.63,26.13,1.0,0.0,-0.0,26.13,0.0,-131.32
35.15,51.75,23.54,27.59,1.0,0.0,12.36,15.23,0.0,292.1
32.92,50.51,23.77,27.99,0.7368,0.0,9.95,18.04,0.0,188.63
26.48,49.62,23.57,27.64,0.525,0.0,0.0,27.64,0.0,-107.77
23.44,48.66,22.82,27.52,0.525,0.0,0.0,27.52,0.0,-110.17
7.36,46.84,21.2,27.66,0.525,0.0,0.0,27.66,0.0,-47.55
10.65,45.38,20.54,26.64,0.525,12.36,0.0,39.0,0.0,-196.6
19.39,45.33,20.48,26.06,0.7625,12.36,0.0,38.42,0.0,-347.86
26.07,45.84,20.88,25.77,1.0,-0.0,0.0,25.77,0.0,-127.48
33.52,46.89,21.56,25.89,1.0,0.0,0.0,25.89,0.0,-145.14
47.29,48.95,23.07,26.48,1.0,0.0,0.0,26.48,0.0,-161.26
55.15,51.37,25.75,27.59,1.0,0.0,0.0,27.59,0.0,-101.48
59.95,54.12,28.12,30.37,1.0,0.0,9.89,20.48,0.0,457.9
59.44,60.63,27.59,33.63,0.7895,0.0,12.36,21.27,0.0,375.66
56.38,68.05,25.62,31.8,0.5263,0.0,12.36,19.44,0.0,348.43
49.15,66.84,23.17,29.2,0.2632,0.0,12.36,16.84,0.0,311.12
47.37,48.9,22.49,26.26,0.5,0.0,11.74,10.75,0.0,556.22
39.15,41.27,21.15,25.83,0.25,0.0,11.74,9.41,0.0,459.7
37.21,37.81,20.28,24.82,0.0,0.0,0.0,20.28,0.0,0.0
37.11,34.95,20.18,24.16,0.0,0.0,0.0,20.18,0.0,0.0
38.0,35.03,20.6,24.18,0.0,0.0,0.0,20.6,0.0,0.0
43.58,38.17,22.19,25.43,0.0,0.0,0.0,22.19,0.0,0.0
55.15,49.49,26.19,28.39,0.0,0.0,0.0,26.19,0.0,0.0
61.42,60.46,31.25,31.22,0.0,0.0,0.0,31.25,0.0,0.0
68.72,67.49,35.93,34.88,0.0,0.0,0.0,35.93,0.0,0.0
65.57,71.11,36.76,39.07,0.0,0.0,0.0,36.76,0.0,0.0
72.52,67.7,36.62,40.2,0.0,0.0,0.0,36.62,0.0,0.0
77.47,62.87,36.38,39.71,0.0,0.0,0.0,36.38,0.0,0.0
61.25,57.97,34.38,39.2,0.0,0.0,0.0,34.38,0.0,0.0
63.62,54.39,34.17,37.53,0.0,0.0,0.0,34.17,0.0,0.0
77.13,53.99,34.96,37.31,0.0,0.0,0.0,34.96,0.0,0.0
79.03,54.25,35.22,37.98,0.0,0.0,0.0,35.22,0.0,0.0
79.78,54.41,35.53,38.29,0.0,0.0,0.0,35.53,0.0,0.0
60.95,54.58,35.22,38.21,0.0,0.0,0.0,35.22,0.0,0.0
58.56,54.97,35.19,38.12,0.0,0.0,0.0,35.19,0.0,0.0
69.46,55.76,35.84,37.68,0.0,0.0,0.0,35.84,0.0,0.0
74.65,60.48,36.63,38.41,0.0,0.0,0.0,36.63,0.0,0.0
64.07,69.18,34.67,39.47,0.0,0.0,0.0,34.67,0.0,0.0
56.5,67.09,31.22,37.17,0.0,0.0,0.0,31.22,0.0,0.0
51.0,58.01,27.71,34.06,0.0,0.0,0.0,27.71,0.0,0.0
47.49,48.45,25.35,26.04,0.5,0.0,12.36,12.99,0.0,587.07
45.91,41.76,23.93,25.88,0.2368,12.36,0.0,36.29,0.0,-567.45
41.89,38.49,23.0,24.7,0.4743,12.36,0.0,35.36,0.0,-517.76
41.0,36.84,22.83,24.14,0.7118,12.36,0.0,35.19,0.0,-506.76
42.5,37.02,22.96,24.25,0.9493,2.64,0.0,25.6,0.0,-112.14
46.34,40.08,24.13,25.75,1.0,0.0,0.0,24.13,0.0,0.0
55.15,51.6,27.38,28.81,1.0,0.0,0.0,27.38,0.0,0.0
68.0,61.17,32.27,31.53,1.0,0.0,12.36,19.91,0.0,840.61
70.92,66.54,36.32,36.07,0.7368,0.0,12.36,23.96,0.0,876.38
67.41,68.85,36.83,39.83,0.4737,0.0,12.36,24.47,0.0,833.32
61.73,66.38,36.35,40.13,0.2105,0.0,7.48,28.87,0.0,461.57
61.15,62.42,35.91,39.88,0.0513,0.0,0.0,35.91,0.0,0.0
50.0,58.36,33.68,38.59,0.0513,12.36,0.0,46.04,0.0,-618.0
49.57,55.34,33.39,35.99,0.2888,12.36,0.0,45.75,0.0,-612.69
54.29,56.08,34.13,36.39,0.5263,0.0,0.0,34.13,0.0,0.0
55.4,57.93,34.37,37.09,0.5263,0.0,0.0,34.37,0.0,0.0
61.36,59.43,34.61,37.24,0.5263,0.0,0.0,34.61,0.0,0.0
54.44,59.88,34.31,37.23,0.5263,0.0,0.0,34.31,0.0,0.0
56.38,59.22,34.34,37.28,0.5263,0.0,12.36,21.98,0.0,696.7
67.54,59.98,35.21,37.35,0.2632,0.0,12.36,22.85,0.0,834.93
73.83,64.98,36.37,37.86,0.0,0.0,0.0,36.37,0.0,0.0
63.17,68.91,34.52,38.67,0.0,0.0,0.0,34.52,0.0,0.0
54.37,62.23,30.85,36.61,0.0,0.0,0.0,30.85,0.0,0.0
47.28,54.49,27.19,33.32,0.0,0.0,0.0,27.19,0.0,0.0
50.02,54.52,24.93,30.31,0.5,0.0,12.36,12.57,0.0,618.35
47.54,51.89,23.43,22.87,0.2368,0.0,11.12,12.31,0.0,528.74
47.04,45.35,22.33,21.82,0.0,0.0,0.0,22.33,0.0,0.0
46.52,38.94,22.02,22.14,0.0,12.36,0.0,34.38,0.0,-574.99
46.34,36.96,21.64,21.7,0.2375,12.36,0.0,34.0,0.0,-572.76
47.12,35.29,21.46,21.3,0.475,12.36,0.0,33.82,0.0,-582.4
47.07,38.29,21.42,22.32,0.7125,12.36,0.0,33.78,0.0,-581.79
46.15,43.26,22.67,23.89,0.95,0.0,0.0,22.67,0.0,0.0
48.03,48.93,24.33,26.1,0.95,0.0,12.36,11.97,0.0,593.75
44.59,50.03,25.16,26.47,0.6868,0.0,12.36,12.8,0.0,551.01
43.2,46.89,25.43,26.46,0.4237,0.0,12.36,13.07,0.0,534.04
37.98,44.31,25.4,25.67,0.1605,0.0,7.54,17.86,0.0,286.31
35.65,40.73,24.71,25.34,0.0,0.0,0.0,24.71,0.0,0.0
32.0,35.07,23.37,24.93,0.0,2.6,0.0,25.97,0.0,-83.27
30.5,29.7,22.8,24.3,0.05,12.36,0.0,35.16,0.0,-376.98
30.0,26.56,22.79,23.76,0.2875,12.36,0.0,35.15,0.0,-370.8
35.05,25.9,23.08,23.71,0.525,12.36,0.0,35.44,0.0,-433.22
41.21,28.96,23.66,24.06,0.7625,12.36,0.0,36.02,0.0,-509.36
50.0,36.93,25.17,24.83,1.0,0.0,0.0,25.17,0.0,0.0
57.61,47.6,27.51,26.3,1.0,0.0,0.0,27.51,0.0,0.0
66.52,58.24,29.85,28.51,1.0,0.0,9.89,19.96,0.0,657.67
59.81,64.44,29.18,30.82,0.7895,0.0,12.36,16.82,0.0,739.37
54.94,65.56,26.94,29.94,0.5263,0.0,12.36,14.58,0.0,678.91
46.99,62.03,24.1,27.93,0.2632,0.0,12.36,11.74,0.0,580.89
49.78,54.64,23.96,29.86,0.5,0.0,12.36,17.5,0.0,321.58
47.52,50.21,22.56,26.05,0.2368,0.0,8.78,17.27,0.0,251.17
41.75,49.26,21.64,24.18,0.05,0.0,0.0,24.18,0.0,-106.04
41.72,43.72,21.5,23.47,0.05,12.36,0.0,35.83,0.0,-597.85
42.32,43.18,21.6,23.51,0.2875,12.36,0.0,35.87,0.0,-603.91
46.07,43.18,22.53,24.65,0.525,12.36,0.0,37.01,0.0,-667.09
53.34,45.03,24.94,27.38,0.7625,12.36,0.0,39.74,0.0,-789.43
54.42,50.09,28.47,30.23,1.0,-0.0,0.0,30.23,0.0,-95.78
60.42,59.02,32.3,34.56,1.0,0.0,-0.0,34.56,0.0,-136.55
58.28,71.23,33.17,39.45,1.0,0.0,12.36,27.09,0.0,354.34
59.03,77.84,33.05,40.49,0.7368,0.0,12.36,28.13,0.0,290.43
55.8,64.65,32.77,40.12,0.4737,0.0,12.36,27.76,0.0,279.56
49.65,60.34,31.51,39.45,0.2105,0.0,0.0,39.45,0.0,-394.22
47.05,55.1,30.73,36.36,0.2105,12.36,0.0,48.72,0.0,-846.43
48.94,54.73,30.89,36.42,0.448,12.36,0.0,48.78,0.0,-875.54
50.88,57.03,30.95,37.37,0.6855,0.0,0.0,37.37,0.0,-326.65
51.53,57.56,31.12,37.53,0.6855,0.0,0.0,37.53,0.0,-330.31
49.99,57.17,31.52,37.49,0.6855,0.0,0.0,37.49,0.0,-298.44
54.18,56.3,32.04,37.47,0.6855,5.41,0.0,42.88,0.0,-587.29
57.92,57.2,32.77,37.31,0.7895,0.0,0.0,37.31,0.0,-262.96
59.87,62.46,34.08,37.43,0.7895,0.0,12.36,25.07,0.0,539.43
58.01,68.46,32.54,38.78,0.5263,0.0,12.36,26.42,0.0,355.02
54.59,63.63,29.75,37.11,0.2632,0.0,12.36,24.75,0.0,272.95
47.21,56.77,26.56,34.03,0.0,0.0,-0.0,34.03,0.0,-352.66
51.77,51.87,25.55,30.22,0.5,0.0,12.36,17.86,0.0,398.11
46.66,50.21,24.06,26.84,0.2368,0.0,11.12,15.72,0.0,389.33
45.46,48.12,22.9,25.48,0.0,0.0,0.0,25.48,0.0,-117.29
43.89,42.63,22.55,24.04,-0.0,12.36,0.0,36.4,0.0,-607.88
44.04,40.94,22.56,23.79,0.2375,12.36,0.0,36.15,0.0,-598.5
45.9,40.96,22.89,24.02,0.475,12.36,0.0,36.38,0.0,-619.19
47.43,44.32,23.94,24.74,0.7125,4.01,0.0,28.75,0.0,-227.94
54.56,48.01,26.57,26.33,0.7895,0.0,0.0,26.33,0.0,13.09
55.72,50.15,28.7,29.55,0.7895,0.0,12.36,17.19,0.0,641.34
55.77,50.83,29.34,30.98,0.5263,0.0,12.36,18.62,0.0,597.85
49.75,50.51,28.91,30.72,0.2632,0.0,12.36,18.36,0.0,524.86
38.85,46.33,28.01,30.53,-0.0,0.0,0.0,30.53,0.0,-97.9
30.48,42.04,26.54,29.19,0.0,0.0,0.0,29.19,0.0,-80.77
27.66,34.57,25.51,26.79,-0.0,12.36,0.0,39.15,0.0,-377.28
24.95,27.84,25.09,24.79,0.2375,12.36,0.0,37.15,0.0,-300.9
27.82,25.46,25.07,23.43,0.475,12.36,0.0,35.79,0.0,-298.23
34.25,29.17,25.51,22.91,0.7125,12.36,0.0,35.27,0.0,-334.28
44.13,38.85,26.49,23.11,0.95,2.6,0.0,25.71,0.0,34.33
49.32,45.94,27.87,23.95,1.0,-0.0,0.0,23.95,0.0,193.33
59.35,51.67,30.07,25.43,1.0,0.0,-0.0,25.43,0.0,275.38
61.35,62.96,31.75,28.4,1.0,0.0,12.36,16.04,0.0,963.81
59.73,75.24,30.42,30.94,0.7368,0.0,12.36,18.58,0.0,707.2
55.88,71.53,27.89,30.65,0.4737,0.0,12.36,18.29,0.0,536.45
46.88,60.6,25.1,28.7,0.2105,0.0,9.89,18.81,0.0,294.78
46.21,55.57,23.83,29.71,0.5,0.0,12.36,17.35,0.0,299.44
37.7,51.74,22.31,27.11,0.2368,0.0,0.0,27.11,0.0,-180.96
33.03,52.3,21.2,25.79,0.2368,0.0,11.12,14.67,0.0,215.82
31.77,46.68,20.72,24.4,0.0,-0.0,0.0,24.4,0.0,-116.91
31.75,44.82,20.47,24.08,0.0,2.67,0.0,26.75,0.0,-199.41
38.09,43.8,20.7,24.3,0.0513,12.36,0.0,36.66,0.0,-607.92
32.91,44.79,20.67,25.47,0.2888,12.36,0.0,37.83,0.0,-564.74
36.5,47.11,21.82,27.36,0.5263,0.0,0.0,27.36,0.0,-202.21
37.63,48.74,23.39,30.15,0.5263,0.0,0.0,30.15,0.0,-254.38
38.73,50.35,24.44,31.78,0.5263,0.0,12.36,19.42,0.0,194.42
36.95,50.27,24.89,31.11,0.2632,0.0,12.36,18.75,0.0,226.87
31.56,49.42,24.95,30.16,-0.0,0.0,0.0,30.16,0.0,-164.43
30.47,45.49,24.49,29.21,-0.0,0.0,0.0,29.21,0.0,-143.82
23.16,39.3,23.14,27.61,0.0,12.36,0.0,39.97,0.0,-389.78
19.44,32.35,22.53,26.38,0.2375,12.36,0.0,38.74,0.0,-315.12
22.02,32.96,22.54,26.19,0.475,12.36,0.0,38.55,0.0,-352.54
25.42,37.69,22.84,26.29,0.7125,12.36,0.0,38.65,0.0,-401.89
32.19,41.71,23.71,26.51,0.95,2.6,0.0,29.11,0.0,-173.89
45.8,44.17,25.14,27.07,1.0,0.0,0.0,27.07,0.0,-88.39
55.62,46.13,27.59,28.32,1.0,0.0,0.0,28.32,0.0,-40.6
58.55,49.16,30.01,31.27,1.0,0.0,12.36,18.91,0.0,649.9
58.34,52.0,29.31,33.57,0.7368,0.0,12.36,21.21,0.0,472.55
53.2,49.91,26.96,32.15,0.4737,0.0,12.36,19.79,0.0,381.44
49.6,46.97,24.24,29.91,0.2105,0.0,9.89,20.02,0.0,209.21
41.15,47.77,22.62,29.86,0.5,0.0,12.36,17.5,0.0,210.69
38.93,41.6,21.29,27.09,0.2368,0.0,0.0,27.09,0.0,-225.79
38.07,37.72,20.61,26.06,0.2368,12.36,0.0,38.42,0.0,-678.03
37.5,35.62,20.5,25.05,0.4743,12.36,0.0,37.41,0.0,-634.12
37.63,35.38,20.82,24.64,0.7118,12.36,0.0,37.0,0.0,-608.85
45.01,38.82,22.53,25.3,0.9493,2.64,0.0,27.94,0.0,-243.34
50.61,46.2,26.42,27.09,1.0,0.0,-0.0,27.09,0.0,-33.91
59.18,55.47,31.47,30.63,1.0,0.0,0.0,30.63,0.0,49.71
60.41,64.84,35.67,36.94,1.0,0.0,12.36,24.58,0.0,669.95
58.62,71.14,36.27,40.87,0.7368,0.0,12.36,28.51,0.0,454.89
56.11,66.0,35.91,41.21,0.4737,0.0,12.36,28.85,0.0,396.14
54.61,60.57,35.43,40.58,0.2105,0.0,9.89,30.69,0.0,258.74
48.74,56.56,33.46,38.33,0.0,0.0,0.0,38.33,0.0,-237.36
46.63,52.11,33.35,36.22,-0.0,12.36,0.0,48.58,0.0,-710.17
51.35,51.03,34.03,36.66,0.2375,12.36,0.0,49.02,0.0,-769.74
53.44,52.18,34.32,36.93,0.475,12.36,0.0,49.29,0.0,-800.0
53.89,53.2,34.57,36.97,0.7125,4.01,0.0,40.98,0.0,-345.21
54.67,53.96,34.4,37.0,0.7895,0.0,0.0,37.0,0.0,-142.14
56.07,54.27,34.62,37.07,0.7895,0.0,0.0,37.07,0.0,-137.37
59.12,55.03,35.21,37.31,0.7895,0.0,0.0,37.31,0.0,-124.15
61.16,60.48,36.72,36.97,0.7895,0.0,12.36,24.61,0.0,740.65
57.98,67.93,34.9,38.28,0.5263,0.0,12.36,25.92,0.0,520.66
55.46,63.39,31.26,36.92,0.2632,0.0,12.36,24.56,0.0,371.58
46.35,56.15,27.71,34.63,0.0,0.0,-0.0,34.63,0.0,-320.74
53.27,51.76,25.78,26.84,0.5,0.0,12.36,14.48,0.0,601.95
48.16,46.91,24.29,26.31,0.2368,0.0,8.78,17.53,0.0,325.35
46.93,42.24,23.52,25.33,0.05,12.36,0.0,37.69,0.0,-665.0
47.24,39.4,23.31,24.53,0.2875,12.36,0.0,36.89,0.0,-641.52
47.27,37.79,23.46,24.19,0.525,12.36,0.0,36.55,0.0,-618.76
53.89,38.1,24.63,25.21,0.7625,12.36,0.0,37.57,0.0,-697.34
57.6,45.08,27.85,27.24,1.0,-0.0,0.0,27.24,0.0,35.14
61.99,55.89,32.74,31.2,1.0,0.0,0.0,31.2,0.0,95.46
61.14,63.05,36.73,37.59,1.0,0.0,12.36,25.23,0.0,703.11
56.86,64.57,37.14,40.24,0.7368,0.0,12.36,27.88,0.0,526.52
54.87,60.34,36.54,40.48,0.4737,0.0,12.36,28.12,0.0,462.01
52.21,56.55,36.04,40.11,0.2105,0.0,6.27,33.84,0.0,115.0
46.79,52.86,33.91,37.86,0.077,0.0,0.0,37.86,0.0,-184.82
46.12,48.68,33.52,36.44,0.077,12.36,0.0,48.8,0.0,-704.71
48.0,48.4,34.06,36.44,0.3145,12.36,0.0,48.8,0.0,-707.52
51.94,50.62,34.39,36.28,0.552,12.36,0.0,48.64,0.0,-740.14
53.89,53.19,34.51,36.14,0.7895,0.0,0.0,36.14,0.0,-87.84
51.0,55.01,34.35,36.03,0.7895,0.0,0.0,36.03,0.0,-85.68
52.75,55.38,34.55,35.97,0.7895,0.0,0.0,35.97,0.0,-74.91
56.9,55.37,35.11,36.08,0.7895,0.0,0.0,36.08,0.0,-55.19
60.96,56.71,36.42,36.18,0.7895,0.0,12.36,23.82,0.0,768.1
58.17,58.82,34.63,37.25,0.5263,0.0,12.36,24.89,0.0,566.58
51.7,57.55,30.65,36.17,0.2632,0.0,12.36,23.81,0.0,353.63
45.53,52.33,27.21,33.27,0.0,0.0,-0.0,33.27,0.0,-275.91
71.68,54.66,25.15,32.91,0.5,0.0,12.36,20.55,0.0,329.73
63.74,46.0,23.43,24.72,0.2368,0.0,11.12,13.6,0.0,626.82
60.0,41.38,22.43,22.77,0.0,2.6,0.0,25.37,0.0,-176.53
55.84,38.72,21.99,22.55,0.05,12.36,0.0,34.91,0.0,-721.45
53.5,36.81,21.91,22.21,0.2875,12.36,0.0,34.57,0.0,-677.31
54.4,35.48,22.72,22.64,0.525,12.36,0.0,35.0,0.0,-668.03
61.45,38.84,24.92,24.34,0.7625,12.36,0.0,36.7,0.0,-723.88
70.7,46.71,28.08,29.26,1.0,-0.0,0.0,29.26,0.0,-83.43
73.95,52.26,30.47,31.95,1.0,0.0,-0.0,31.95,0.0,-109.45
73.41,56.93,32.08,35.16,1.0,0.0,9.95,25.21,0.0,504.31
69.12,57.84,31.97,37.82,0.7882,0.0,12.36,25.46,0.0,449.97
68.25,55.97,31.47,38.07,0.525,0.0,0.0,38.07,0.0,-450.45
67.67,53.97,30.39,36.9,0.525,0.0,0.0,36.9,0.0,-440.53
64.0,52.55,28.86,35.52,0.525,0.0,0.0,35.52,0.0,-426.24
61.57,51.08,28.85,35.43,0.525,12.36,0.0,47.79,0.0,-1166.14
62.43,51.03,29.54,35.78,0.7625,12.36,0.0,48.14,0.0,-1161.2
70.49,53.38,31.06,36.8,1.0,0.0,0.0,36.8,0.0,-404.61
77.44,58.09,34.96,39.06,1.0,0.0,0.0,39.06,0.0,-317.5
81.62,64.3,36.17,41.18,1.0,0.0,9.89,31.29,0.0,398.14
82.33,69.23,36.43,41.48,0.7895,0.0,12.36,29.12,0.0,601.83
81.57,70.05,34.23,40.42,0.5263,0.0,12.36,28.06,0.0,503.29
76.65,66.42,31.43,38.58,0.2632,0.0,12.36,26.22,0.0,399.35
70.72,61.32,28.82,35.67,0.0,0.0,0.0,35.67,0.0,-484.43
65.09,57.41,26.09,31.8,-0.0,-0.0,0.0,31.8,0.0,-371.66
55.37,53.47,28.3,28.8,0.5,0.0,12.36,16.44,0.0,656.69
52.15,48.91,26.7,25.93,0.2368,0.0,11.12,14.81,0.0,620.27
52.12,45.01,25.9,23.11,0.0,0.0,0.0,23.11,0.0,145.41
52.17,42.41,25.58,22.63,-0.0,12.36,0.0,34.99,0.0,-490.92
50.01,41.12,25.83,22.66,0.2375,12.36,0.0,35.02,0.0,-459.59
51.21,40.37,27.47,23.11,0.475,12.36,0.0,35.47,0.0,-409.68
59.39,40.76,32.62,24.96,0.7125,12.36,0.0,37.32,0.0,-279.13
62.9,43.62,38.95,29.96,0.95,2.6,0.0,32.56,0.0,401.8
70.36,48.49,43.53,36.08,1.0,0.0,-0.0,36.08,0.0,524.18
65.11,53.86,44.59,41.57,1.0,0.0,7.48,34.09,0.0,683.51
62.91,56.99,44.0,43.06,0.8408,0.0,12.36,30.7,0.0,836.7
60.67,54.6,43.29,42.63,0.5776,0.0,12.36,30.27,0.0,789.92
57.84,51.18,40.8,42.25,0.3145,0.0,0.0,42.25,0.0,-83.87
56.87,48.82,40.33,41.36,0.3145,0.0,0.0,41.36,0.0,-58.58
57.52,48.09,41.69,40.47,0.3145,12.36,0.0,52.83,0.0,-640.77
59.97,48.35,42.41,41.1,0.552,12.36,0.0,53.46,0.0,-662.67
62.09,49.27,43.33,42.13,0.7895,0.0,0.0,42.13,0.0,74.51
67.0,51.54,45.01,42.39,0.7895,0.0,0.0,42.39,0.0,175.54
69.21,55.59,46.1,43.77,0.7895,0.0,12.36,31.41,0.0,1016.69
68.26,57.8,44.79,44.56,0.5263,0.0,12.36,32.2,0.0,859.39
63.23,55.89,41.82,43.5,0.2632,0.0,12.36,31.14,0.0,675.3
59.99,52.42,38.37,41.52,-0.0,0.0,0.0,41.52,0.0,-188.97
57.01,49.54,34.4,38.34,0.0,0.0,-0.0,38.34,0.0,-224.62
51.08,46.97,30.96,34.91,0.0,0.0,-0.0,34.91,0.0,-201.77
41.71,45.46,27.2,31.81,0.5,0.0,0.0,27.2,0.0,0.0
39.23,48.51,25.79,25.65,0.5,0.0,0.0,25.79,0.0,0.0
36.35,45.42,25.03,23.35,0.5,1.3,0.0,26.33,0.0,-47.29
37.29,43.77,24.9,23.16,0.525,12.36,0.0,37.26,0.0,-460.9
42.02,43.38,24.97,23.48,0.7625,12.36,0.0,37.33,0.0,-519.37
46.23,46.59,26.5,24.06,1.0,0.0,0.0,26.5,0.0,0.0
59.07,54.56,31.59,25.45,1.0,0.0,0.0,31.59,0.0,0.0
61.01,64.17,36.43,29.32,1.0,0.0,0.0,36.43,0.0,0.0
68.69,74.36,40.89,35.2,1.0,0.0,9.89,31.0,0.0,679.12
67.09,87.64,41.41,39.82,0.7895,0.0,12.36,29.05,0.0,829.37
59.66,88.79,40.69,40.47,0.5263,0.0,12.36,28.33,0.0,737.24
56.61,79.8,40.23,40.33,0.2632,0.0,12.36,27.87,0.0,699.81
46.55,70.24,37.91,39.79,0.0,0.0,0.0,37.91,0.0,0.0
46.15,59.73,37.56,37.88,0.0,12.36,0.0,49.92,0.0,-570.41
51.15,55.02,38.91,38.52,0.2375,12.36,0.0,51.27,0.0,-632.21
57.04,55.22,39.59,39.53,0.475,12.36,0.0,51.95,0.0,-705.01
66.43,58.54,40.36,39.64,0.7125,12.36,0.0,52.72,0.0,-821.07
71.27,62.34,40.55,39.2,0.95,0.0,0.0,40.55,0.0,0.0
91.72,67.17,42.67,40.02,0.95,0.0,12.36,30.31,0.0,1133.84
94.2,79.17,42.51,41.9,0.6868,0.0,12.36,30.15,0.0,1164.06
78.37,81.5,40.34,41.82,0.4237,0.0,12.36,27.98,0.0,968.81
69.52,67.11,37.09,39.68,0.1605,0.0,7.54,29.55,0.0,524.07
58.86,62.92,33.28,36.44,0.0,0.0,0.0,33.28,0.0,0.0
54.83,60.82,29.66,32.46,0.0,0.0,0.0,29.66,0.0,0.0
43.24,56.58,27.68,28.6,0.5,0.0,12.36,16.24,0.0,494.67
40.0,48.35,25.97,25.75,0.2368,2.64,0.0,28.39,0.0,-96.65
38.05,46.38,25.1,25.11,0.2875,12.36,0.0,37.47,0.0,-470.68
38.0,46.74,24.82,25.02,0.525,12.36,0.0,37.38,0.0,-477.28
39.15,47.73,24.98,25.24,0.7625,12.36,0.0,37.6,0.0,-494.07
43.4,49.14,26.52,25.56,1.0,0.0,0.0,25.56,0.0,41.66
57.09,51.42,31.17,26.42,1.0,0.0,0.0,26.42,0.0,271.18
68.84,57.7,35.83,28.77,1.0,-0.0,0.0,28.77,0.0,486.01
74.43,67.83,39.78,34.47,1.0,0.0,-0.0,34.47,0.0,395.22
62.13,76.5,40.02,41.74,1.0,0.0,12.36,29.38,0.0,661.06
56.01,77.65,39.56,43.04,0.7368,0.0,12.36,30.68,0.0,497.37
50.83,74.03,38.92,42.51,0.4737,0.0,0.0,42.51,0.0,-182.48
46.5,70.33,36.43,41.17,0.4737,0.0,0.0,41.17,0.0,-220.41
45.86,67.73,35.91,39.06,0.4737,0.0,0.0,39.06,0.0,-144.46
47.55,67.23,36.95,39.03,0.4737,12.36,0.0,51.39,0.0,-686.62
50.51,67.81,37.11,37.53,0.7112,0.0,0.0,37.53,0.0,-21.21
50.93,68.72,37.27,34.78,0.7112,0.0,0.0,34.78,0.0,126.82
52.13,68.88,37.3,32.44,0.7112,0.0,0.0,32.44,0.0,253.35
56.02,67.54,37.73,31.11,0.7112,0.0,0.0,31.11,0.0,370.85
67.12,67.41,38.38,37.3,0.7112,4.07,0.0,41.37,0.0,-200.98
70.71,75.55,39.23,38.75,0.7895,0.0,12.36,26.39,0.0,907.92
58.85,86.67,36.38,40.34,0.5263,0.0,12.36,27.98,0.0,494.34
51.63,76.99,32.73,38.18,0.2632,0.0,12.36,25.82,0.0,356.76
46.5,71.21,29.36,32.35,-0.0,0.0,0.0,32.35,0.0,-139.04
49.0,68.2,24.51,27.64,0.5,0.0,12.36,15.28,0.0,452.27
44.81,65.81,22.97,24.93,0.2368,0.0,11.12,13.81,0.0,410.64
35.51,61.65,21.77,24.0,0.0,0.0,-0.0,24.0,0.0,-79.19
34.76,51.72,21.44,23.2,0.0,-0.0,0.0,23.2,0.0,-61.18
34.03,49.59,21.25,23.17,0.0,12.36,0.0,35.53,0.0,-485.95
42.5,47.27,21.46,23.14,0.2375,12.36,0.0,35.5,0.0,-596.7
35.51,42.91,21.19,23.06,0.475,12.36,0.0,35.42,0.0,-505.31
41.58,45.29,22.54,24.02,0.7125,12.36,0.0,36.38,0.0,-575.47
43.34,53.99,24.41,30.44,0.95,0.0,0.0,30.44,0.0,-261.34
39.19,66.94,25.69,36.24,0.95,0.0,12.36,23.88,0.0,70.93
36.81,69.69,26.31,39.37,0.6868,0.0,12.36,27.01,0.0,-25.77
35.1,61.91,26.37,39.96,0.4237,0.0,12.36,27.6,0.0,-43.17
32.44,56.07,26.18,39.77,0.1605,0.0,3.92,35.85,0.0,-313.56
30.46,50.68,24.75,37.84,0.077,0.0,0.0,37.84,0.0,-398.72
30.05,46.84,24.1,35.97,0.077,12.36,0.0,48.33,0.0,-728.11
30.81,46.54,24.05,38.8,0.3145,12.36,0.0,51.16,0.0,-835.26
31.96,49.02,24.45,38.98,0.552,12.36,0.0,51.34,0.0,-859.4
36.74,50.92,25.37,39.22,0.7895,0.0,0.0,39.22,0.0,-508.85
49.61,51.93,27.04,39.19,0.7895,0.0,0.0,39.19,0.0,-602.76
55.31,52.91,28.68,39.88,0.7895,0.0,0.0,39.88,0.0,-619.47
59.77,57.02,30.26,40.28,0.7895,0.0,12.36,27.92,0.0,139.86
58.23,63.26,30.17,41.19,0.5263,0.0,12.36,28.83,0.0,78.03
55.68,61.64,27.88,41.65,0.2632,0.0,12.36,29.29,0.0,-78.51
46.52,52.03,25.11,39.08,0.0,0.0,-0.0,39.08,0.0,-649.88
40.4,47.93,28.85,35.25,0.5,0.0,12.36,22.89,0.0,240.78
42.91,44.2,27.55,30.36,0.2368,0.0,0.0,30.36,0.0,-120.58
35.6,43.11,26.51,28.55,0.2368,2.64,0.0,31.19,0.0,-166.48
35.36,44.93,26.31,26.15,0.2875,0.0,0.0,26.15,0.0,5.66
34.77,38.7,26.27,25.21,0.2875,12.36,0.0,37.57,0.0,-392.9
35.64,35.33,26.77,25.46,0.525,12.36,0.0,37.82,0.0,-393.82
42.11,35.32,30.04,25.84,0.7625,12.36,0.0,38.2,0.0,-343.62
51.17,43.5,35.49,30.01,1.0,0.0,0.0,30.01,0.0,280.41
70.71,56.23,39.95,34.96,1.0,0.0,-0.0,34.96,0.0,352.84
57.77,65.66,41.0,39.67,1.0,0.0,9.89,29.78,0.0,648.06
51.41,72.73,40.51,41.1,0.7895,0.0,12.36,28.74,0.0,605.1
50.09,72.58,40.34,40.42,0.5263,0.0,12.36,28.06,0.0,615.11
42.7,67.55,38.36,40.15,0.2632,0.0,12.36,27.79,0.0,451.34
39.33,60.3,38.12,39.96,0.0,0.0,0.0,39.96,0.0,-72.37
45.37,57.55,39.07,40.7,-0.0,0.0,0.0,40.7,0.0,-73.95
45.37,55.0,39.45,41.25,-0.0,4.01,0.0,45.26,0.0,-263.41
47.0,53.25,39.92,41.91,0.077,12.36,0.0,54.27,0.0,-674.45
47.08,53.58,39.42,42.12,0.3145,12.36,0.0,54.48,0.0,-709.02
52.52,54.13,39.04,42.16,0.552,12.36,0.0,54.52,0.0,-813.01
59.91,59.25,38.66,41.78,0.7895,0.0,0.0,41.78,0.0,-186.92
58.67,64.81,38.56,37.21,0.7895,0.0,12.36,24.85,0.0,804.37
58.38,66.58,37.87,37.08,0.5263,0.0,12.36,24.72,0.0,767.7
54.09,64.66,34.6,36.43,0.2632,0.0,12.36,24.07,0.0,569.57
40.4,56.35,30.88,33.78,0.0,0.0,-0.0,33.78,0.0,-117.16
56.92,58.15,34.13,30.26,0.5,12.36,0.0,42.62,0.0,-483.25
52.15,70.67,32.18,28.33,0.7375,0.0,12.36,15.97,0.0,845.35
49.11,68.27,30.87,27.19,0.4743,0.0,12.36,14.83,0.0,787.72
46.58,65.3,30.25,26.32,0.2112,0.0,0.0,26.32,0.0,183.06
45.89,62.8,30.13,25.69,0.2112,0.0,0.0,25.69,0.0,203.75
48.88,61.24,30.64,25.5,0.2112,3.97,0.0,29.47,0.0,57.11
47.16,60.89,33.58,25.28,0.2875,12.36,0.0,37.64,0.0,-191.47
50.95,61.5,38.04,26.43,0.525,0.0,0.0,26.43,0.0,591.53
59.01,61.61,43.35,29.01,0.525,0.0,0.0,29.01,0.0,846.2
58.91,62.4,45.11,33.13,0.525,0.0,0.0,33.13,0.0,705.74
58.64,61.76,45.67,35.74,0.525,0.0,0.0,35.74,0.0,582.3
56.27,60.54,46.05,37.58,0.525,12.36,0.0,49.94,0.0,-218.89
54.29,60.38,44.92,39.31,0.7625,12.36,0.0,51.67,0.0,-366.46
53.19,61.32,45.07,40.3,1.0,0.0,0.0,40.3,0.0,253.72
55.23,62.96,46.01,41.17,1.0,0.0,0.0,41.17,0.0,267.31
57.23,64.34,46.21,41.59,1.0,0.0,0.0,41.59,0.0,264.4
58.87,65.91,46.21,42.88,1.0,0.0,0.0,42.88,0.0,196.04
60.41,67.53,45.83,43.17,1.0,0.0,0.0,43.17,0.0,160.69
62.76,69.39,44.81,43.18,1.0,0.0,0.0,43.18,0.0,102.3
72.96,71.45,43.5,43.22,1.0,0.0,12.36,30.86,0.0,922.21
71.25,73.03,42.39,43.54,0.7368,0.0,12.36,31.18,0.0,798.71
69.58,71.82,41.66,43.71,0.4737,0.0,12.36,31.35,0.0,717.37
61.44,70.25,39.2,43.2,0.2105,0.0,9.89,33.31,0.0,361.76
52.5,66.65,35.87,41.07,0.0,0.0,-0.0,41.07,0.0,-273.0
52.09,64.46,27.55,37.69,0.5,12.36,0.0,50.05,0.0,-1172.02
46.51,75.52,26.0,32.42,0.7375,0.0,12.36,20.06,0.0,276.27
45.23,72.25,24.93,29.04,0.4743,0.0,0.0,29.04,0.0,-185.9
43.82,69.72,24.46,27.47,0.4743,0.0,0.0,27.47,0.0,-131.9
42.27,67.58,24.47,26.57,0.4743,0.0,0.0,26.57,0.0,-88.77
41.34,66.77,25.66,25.83,0.4743,0.0,0.0,25.83,0.0,-7.03
46.44,66.44,27.94,25.19,0.4743,0.0,0.0,25.19,0.0,127.71
48.26,65.92,31.9,25.68,0.4743,0.0,0.0,25.68,0.0,300.18
50.32,66.64,36.32,28.2,0.4743,0.0,0.0,28.2,0.0,408.6
49.91,68.77,37.95,32.2,0.4743,0.0,0.0,32.2,0.0,286.98
46.96,69.2,38.42,34.93,0.4743,0.0,0.0,34.93,0.0,163.89
45.37,67.3,38.84,37.03,0.4743,0.0,0.0,37.03,0.0,82.12
45.56,65.89,38.39,38.82,0.4743,12.36,0.0,51.18,0.0,-582.71
44.25,65.43,38.59,40.44,0.7118,12.36,0.0,52.8,0.0,-628.79
45.77,65.91,39.12,42.25,0.9493,2.64,0.0,44.89,0.0,-263.93
48.78,67.46,39.3,42.65,1.0,0.0,0.0,42.65,0.0,-163.41
49.96,69.27,39.65,43.23,1.0,0.0,0.0,43.23,0.0,-178.86
54.2,70.96,39.5,43.86,1.0,0.0,0.0,43.86,0.0,-236.31
54.96,73.15,39.52,43.64,1.0,0.0,0.0,43.64,0.0,-226.44
59.14,75.77,38.96,43.7,1.0,0.0,9.89,33.81,0.0,304.45
60.21,77.99,39.05,43.87,0.7895,0.0,12.36,31.51,0.0,453.98
61.41,78.85,38.12,43.87,0.5263,0.0,12.36,31.51,0.0,405.92
56.77,77.78,34.93,42.89,0.2632,0.0,12.36,30.53,0.0,249.79
53.58,75.54,31.85,39.63,-0.0,0.0,0.0,39.63,0.0,-416.85
45.04,73.32,29.68,35.62,0.5,0.0,9.98,19.7,0.0,449.53
40.0,71.19,28.21,30.24,0.2875,0.0,0.0,28.21,0.0,0.0
39.0,69.89,27.2,28.44,0.2875,0.0,0.0,27.2,0.0,0.0
39.0,67.65,26.8,27.9,0.2875,0.0,0.0,26.8,0.0,0.0
39.0,66.13,26.8,27.11,0.2875,12.36,0.0,39.16,0.0,-482.04
39.85,65.16,28.04,26.44,0.525,12.36,0.0,40.4,0.0,-492.55
49.33,64.71,31.81,26.44,0.7625,12.36,0.0,44.17,0.0,-609.72
57.71,66.81,35.82,28.27,1.0,0.0,0.0,35.82,0.0,0.0
58.21,72.48,40.16,33.56,1.0,0.0,0.0,40.16,0.0,0.0
56.94,79.89,41.37,38.57,1.0,0.0,12.36,29.01,0.0,703.89
55.98,80.6,41.53,41.13,0.7368,0.0,12.36,29.17,0.0,691.76
50.66,76.98,41.55,41.18,0.4737,0.0,8.75,32.8,0.0,443.04
45.58,73.56,39.66,41.18,0.2875,0.0,0.0,39.66,0.0,0.0
44.87,69.26,39.78,39.74,0.2875,12.36,0.0,52.14,0.0,-554.59
49.37,67.06,40.85,38.76,0.525,12.36,0.0,53.21,0.0,-610.21
56.92,67.85,41.46,39.55,0.7625,12.36,0.0,53.82,0.0,-703.53
57.8,69.66,41.73,40.57,1.0,0.0,0.0,41.73,0.0,0.0
62.14,70.48,41.24,40.34,1.0,0.0,0.0,41.24,0.0,0.0
59.7,72.28,40.71,39.87,1.0,0.0,0.0,40.71,0.0,0.0
69.89,80.37,41.09,39.34,1.0,0.0,12.36,28.73,0.0,863.98
74.1,86.58,40.91,39.46,0.7368,0.0,12.36,28.55,0.0,915.67
70.03,85.17,38.12,39.44,0.4737,0.0,12.36,25.76,0.0,865.71
56.14,80.22,34.74,37.38,0.2105,0.0,9.89,24.85,0.0,555.04
48.63,77.26,31.65,33.82,0.0,0.0,0.0,31.65,0.0,0.0
53.0,71.06,27.44,30.58,0.5,0.0,12.36,15.08,0.0,655.18
52.0,64.0,25.95,28.61,0.2368,0.0,0.0,25.95,0.0,0.0
48.34,62.15,25.02,27.3,0.2368,0.0,0.0,25.02,0.0,0.0
48.34,59.3,24.61,26.28,0.2368,2.64,0.0,27.25,0.0,-127.55
45.68,57.37,24.48,25.64,0.2875,12.36,0.0,36.84,0.0,-564.6
48.34,56.41,24.95,25.55,0.525,12.36,0.0,37.31,0.0,-597.48
55.17,57.98,27.21,25.89,0.7625,12.36,0.0,39.57,0.0,-681.9
62.12,65.49,29.76,28.45,1.0,0.0,0.0,29.76,0.0,0.0
62.51,71.68,31.46,33.08,1.0,0.0,0.0,31.46,0.0,0.0
60.59,77.59,32.14,38.5,1.0,0.0,9.95,22.19,0.0,602.74
50.86,78.42,31.6,40.68,0.7882,0.0,12.36,19.24,0.0,628.73
46.21,75.28,30.81,40.52,0.525,0.0,0.0,30.81,0.0,0.0
40.97,73.28,29.48,40.05,0.525,0.0,0.0,29.48,0.0,0.0
37.99,69.67,28.22,39.23,0.525,12.36,0.0,40.58,0.0,-469.56
37.5,69.04,27.89,36.8,0.7625,12.36,0.0,40.25,0.0,-463.5
39.15,71.24,27.82,38.13,1.0,0.0,0.0,27.82,0.0,0.0
41.51,73.78,28.5,38.82,1.0,0.0,0.0,28.5,0.0,0.0
48.34,76.11,29.72,38.6,1.0,0.0,0.0,29.72,0.0,0.0
58.89,78.07,32.03,38.16,1.0,0.0,0.0,32.03,0.0,0.0
71.53,83.96,34.79,38.77,1.0,0.0,12.36,22.43,0.0,884.25
65.38,94.42,33.29,40.42,0.7368,0.0,12.36,20.93,0.0,807.92
58.77,86.96,30.98,39.41,0.4737,0.0,12.36,18.62,0.0,726.51
51.98,79.18,28.67,36.82,0.2105,0.0,9.89,18.78,0.0,513.91
46.74,75.87,26.11,33.72,0.0,0.0,0.0,26.11,0.0,0.0
26.5,70.81,26.09,30.59,0.5,0.0,12.36,13.73,0.0,327.59
25.64,62.25,24.6,28.28,0.2368,0.0,11.12,13.48,0.0,285.17
25.97,59.24,23.88,26.39,0.0,0.0,0.0,23.88,0.0,0.0
24.99,56.0,23.64,26.43,0.0,2.6,0.0,26.24,0.0,-65.03
26.04,53.1,23.84,25.85,0.05,12.36,0.0,36.2,0.0,-321.85
27.94,51.79,25.61,25.27,0.2875,12.36,0.0,37.97,0.0,-345.34
38.92,52.78,29.9,25.05,0.525,12.36,0.0,42.26,0.0,-481.05
45.52,55.98,34.98,26.94,0.7625,12.36,0.0,47.34,0.0,-562.63
42.65,60.3,39.1,30.42,1.0,0.0,0.0,39.1,0.0,0.0
42.17,64.54,39.94,34.79,1.0,0.0,0.0,39.94,0.0,0.0
43.69,66.28,39.89,37.14,1.0,0.0,0.0,39.89,0.0,0.0
44.0,65.77,39.48,37.32,1.0,0.0,0.0,39.48,0.0,0.0
41.15,66.16,37.37,36.73,1.0,0.0,0.0,37.37,0.0,0.0
42.49,65.9,37.25,34.88,1.0,0.0,0.0,37.25,0.0,0.0
44.07,64.69,38.68,34.19,1.0,0.0,0.0,38.68,0.0,0.0
44.53,63.96,39.41,33.6,1.0,0.0,0.0,39.41,0.0,0.0
49.45,65.82,40.59,33.32,1.0,0.0,0.0,40.59,0.0,0.0
60.71,70.82,42.12,35.41,1.0,0.0,0.0,42.12,0.0,0.0
62.89,78.91,41.78,37.88,1.0,0.0,12.36,29.42,0.0,777.44
53.72,81.72,40.55,39.76,0.7368,0.0,12.36,28.19,0.0,663.83
49.3,77.14,38.2,36.32,0.4737,0.0,12.36,25.84,0.0,609.45
44.35,72.23,35.25,33.65,0.2105,0.0,9.89,25.36,0.0,438.48
41.21,68.02,31.59,30.94,0.0,0.0,0.0,31.59,0.0,0.0
38.3,63.4,28.59,29.23,0.0,0.0,0.0,28.59,0.0,0.0
49.35,61.98,28.25,27.96,0.5,0.0,12.36,15.6,0.0,624.28
45.16,58.42,26.48,26.61,0.2368,0.0,0.0,26.61,0.0,-5.87
42.5,54.78,25.67,25.19,0.2368,0.0,0.0,25.19,0.0,20.4
39.47,52.22,25.46,24.09,0.2368,12.36,0.0,36.45,0.0,-433.78
38.93,50.73,25.8,23.71,0.4743,12.36,0.0,36.07,0.0,-399.81
44.27,50.29,27.35,23.98,0.7118,12.36,0.0,36.34,0.0,-397.99
52.8,53.14,32.51,26.46,0.9493,2.64,0.0,29.1,0.0,180.24
60.67,60.37,38.42,29.17,1.0,0.0,0.0,29.17,0.0,561.2
66.86,65.43,42.45,32.26,1.0,0.0,-0.0,32.26,0.0,681.3
60.77,68.26,43.35,36.47,1.0,0.0,0.0,36.47,0.0,418.1
60.28,69.03,42.77,34.43,1.0,0.0,0.0,34.43,0.0,502.74
60.57,68.4,42.39,32.7,1.0,0.0,0.0,32.7,0.0,586.92
58.7,67.12,40.31,32.05,1.0,0.0,0.0,32.05,0.0,484.86
58.0,65.61,39.98,31.59,1.0,0.0,0.0,31.59,0.0,486.62
58.78,65.22,41.34,31.07,1.0,-0.0,0.0,31.07,0.0,603.67
60.24,66.87,42.34,29.54,1.0,0.0,0.0,29.54,0.0,771.07
62.07,69.82,43.86,29.43,1.0,0.0,0.0,29.43,0.0,895.67
75.76,72.76,45.41,40.64,1.0,0.0,9.89,30.75,0.0,1110.49
80.39,74.4,44.45,44.95,0.7895,0.0,12.36,32.59,0.0,953.43
74.39,74.36,43.46,44.45,0.5263,0.0,12.36,32.09,0.0,845.81
62.73,73.1,40.97,43.01,0.2632,0.0,12.36,30.65,0.0,647.37
55.99,71.23,37.93,41.38,0.0,0.0,-0.0,41.38,0.0,-193.17
53.9,68.74,34.37,38.74,0.0,0.0,-0.0,38.74,0.0,-235.54
51.46,65.11,30.93,34.59,0.0,0.0,-0.0,34.59,0.0,-188.34
56.22,57.5,22.79,27.8,0.5,0.0,12.36,15.44,0.0,413.22
51.62,50.8,21.47,25.5,0.2368,0.0,11.12,14.38,0.0,366.19
49.77,40.92,20.9,22.73,0.0,12.36,0.0,35.09,0.0,-706.24
48.75,38.01,20.79,22.75,0.2375,12.36,0.0,35.11,0.0,-698.1
49.13,36.31,21.13,23.02,0.475,12.36,0.0,35.38,0.0,-700.1
53.22,35.22,22.54,23.57,0.7125,12.36,0.0,35.93,0.0,-712.62
58.56,41.57,26.86,25.06,0.95,2.6,0.0,27.66,0.0,-46.97
59.26,51.51,32.67,28.49,1.0,0.0,0.0,28.49,0.0,247.71
69.83,60.03,37.39,33.62,1.0,0.0,12.36,21.26,0.0,1126.36
64.41,65.5,38.1,39.05,0.7368,0.0,12.36,26.69,0.0,734.92
61.25,59.52,37.79,41.0,0.4737,0.0,12.36,28.64,0.0,560.44
57.73,54.32,37.45,40.63,0.2105,0.0,0.0,40.63,0.0,-183.58
56.26,51.36,35.29,39.54,0.2105,5.41,0.0,44.95,0.0,-543.45
55.56,49.22,35.25,37.74,0.3145,12.36,0.0,50.1,0.0,-825.07
57.65,49.41,36.2,38.19,0.552,12.36,0.0,50.55,0.0,-827.28
57.64,51.51,36.37,38.73,0.7895,0.0,0.0,38.73,0.0,-136.03
58.38,53.13,36.61,38.94,0.7895,0.0,0.0,38.94,0.0,-136.03
58.75,53.66,36.26,39.0,0.7895,0.0,0.0,39.0,0.0,-160.97
57.79,53.3,36.07,38.74,0.7895,0.0,0.0,38.74,0.0,-154.3
60.23,53.44,36.09,38.05,0.7895,0.0,0.0,38.05,0.0,-118.05
62.18,56.98,36.57,37.99,0.7895,0.0,12.36,25.63,0.0,680.25
61.83,62.97,35.87,38.48,0.5263,0.0,12.36,26.12,0.0,602.84
58.76,61.74,32.28,37.98,0.2632,0.0,12.36,25.62,0.0,391.34
51.0,55.3,28.57,35.08,-0.0,0.0,0.0,35.08,0.0,-332.01
53.97,58.58,27.09,28.23,0.5,0.0,12.36,15.87,0.0,605.54
52.95,53.0,25.62,26.16,0.2368,0.0,11.12,15.04,0.0,560.42
51.26,44.9,24.74,23.3,0.0,12.36,0.0,35.66,0.0,-559.76
50.03,40.59,24.56,23.43,0.2375,12.36,0.0,35.79,0.0,-561.84
48.48,39.16,24.75,23.77,0.475,12.36,0.0,36.13,0.0,-551.7
50.22,40.5,25.57,24.03,0.7125,12.36,0.0,36.39,0.0,-543.38
52.55,46.16,29.16,25.43,0.95,2.6,0.0,28.03,0.0,59.27
57.6,53.29,34.8,28.99,1.0,0.0,0.0,28.99,0.0,334.66
59.38,59.52,39.12,34.82,1.0,0.0,12.36,22.46,0.0,989.27
58.49,65.66,39.83,39.87,0.7368,0.0,12.36,27.51,0.0,720.6
56.49,59.24,39.61,40.47,0.4737,0.0,12.36,28.11,0.0,649.64
55.06,53.35,39.29,40.16,0.2105,0.0,0.0,40.16,0.0,-47.9
51.0,50.09,37.02,38.78,0.2105,0.0,0.0,38.78,0.0,-89.76
50.82,46.89,36.78,36.52,0.2105,12.36,0.0,48.88,0.0,-614.92
53.59,46.86,37.68,36.81,0.448,12.36,0.0,49.17,0.0,-615.75
52.31,49.15,38.04,37.49,0.6855,12.36,0.0,49.85,0.0,-617.78
54.14,51.1,38.06,37.85,0.923,0.0,0.0,37.85,0.0,11.37
54.98,52.21,37.71,38.22,0.923,0.0,0.0,38.22,0.0,-28.04
56.32,52.52,37.38,38.2,0.923,0.0,0.0,38.2,0.0,-46.18
58.63,53.76,37.54,37.59,0.923,0.0,0.0,37.59,0.0,-2.93
59.91,59.15,37.98,37.61,0.923,0.0,12.36,25.25,0.0,762.65
58.95,65.72,37.03,38.13,0.6599,0.0,12.36,25.77,0.0,663.78
54.69,61.77,33.29,37.46,0.3967,0.0,12.36,25.1,0.0,447.91
49.24,54.63,29.22,34.43,0.1336,0.0,6.27,28.16,0.0,52.33
53.14,50.84,27.24,31.02,0.5,0.0,12.36,18.66,0.0,455.94
49.84,48.39,25.8,27.58,0.2368,0.0,8.78,18.8,0.0,348.66
51.19,41.65,24.82,26.16,0.05,12.36,0.0,38.52,0.0,-701.3
49.27,35.28,24.74,25.45,0.2875,12.36,0.0,37.81,0.0,-643.96
51.89,34.29,24.87,24.55,0.525,12.36,0.0,36.91,0.0,-624.76
55.12,36.57,25.72,24.72,0.7625,12.36,0.0,37.08,0.0,-626.16
55.76,44.54,29.09,25.57,1.0,-0.0,0.0,25.57,0.0,196.28
57.06,54.3,34.64,28.51,1.0,-0.0,0.0,28.51,0.0,349.78
60.76,64.88,38.92,34.38,1.0,0.0,12.36,22.02,0.0,1026.84
58.7,76.56,39.78,39.73,0.7368,0.0,12.36,27.37,0.0,728.47
57.93,69.41,39.28,40.97,0.4737,0.0,12.36,28.61,0.0,618.11
57.55,60.22,39.04,40.49,0.2105,0.0,9.89,30.6,0.0,485.61
52.64,56.52,36.85,39.57,0.0,0.0,0.0,39.57,0.0,-143.18
52.01,51.54,36.74,38.5,-0.0,4.01,0.0,42.51,0.0,-299.88
54.82,48.46,37.36,38.91,0.077,12.36,0.0,51.27,0.0,-762.55
57.34,49.38,37.72,39.48,0.3145,12.36,0.0,51.84,0.0,-809.64
57.55,50.9,37.83,39.35,0.552,12.36,0.0,51.71,0.0,-798.79
57.55,52.31,37.53,38.89,0.7895,0.0,0.0,38.89,0.0,-78.27
57.55,53.22,37.35,38.56,0.7895,0.0,0.0,38.56,0.0,-69.64
60.77,53.74,37.37,38.11,0.7895,0.0,0.0,38.11,0.0,-44.97
68.31,57.74,37.81,38.12,0.7895,0.0,12.36,25.76,0.0,823.14
58.99,64.19,36.83,38.49,0.5263,0.0,12.36,26.13,0.0,631.19
55.95,62.87,33.09,38.02,0.2632,0.0,12.36,25.66,0.0,415.71
50.86,55.37,29.2,35.11,0.0,0.0,-0.0,35.11,0.0,-300.58
51.68,50.54,27.12,30.41,0.5,0.0,0.0,27.12,0.0,0.0
49.9,55.15,25.69,27.82,0.5,0.0,12.36,13.33,0.0,616.86
48.92,49.25,24.85,26.19,0.2368,2.64,0.0,27.49,0.0,-129.08
48.58,46.0,24.57,25.38,0.2875,12.36,0.0,36.93,0.0,-600.45
48.21,44.91,24.68,24.57,0.525,12.36,0.0,37.04,0.0,-595.88
49.36,47.32,25.54,25.0,0.7625,12.36,0.0,37.9,0.0,-610.09
55.9,53.7,29.15,25.8,1.0,0.0,0.0,29.15,0.0,0.0
59.6,62.73,34.66,29.25,1.0,0.0,0.0,34.66,0.0,0.0
61.58,73.76,38.77,34.81,1.0,0.0,12.36,26.41,0.0,761.25
57.37,80.87,39.36,39.41,0.7368,0.0,12.36,27.0,0.0,708.94
54.42,70.87,39.0,40.34,0.4737,0.0,12.36,26.64,0.0,672.74
51.04,63.08,38.47,40.11,0.2105,0.0,7.54,30.93,0.0,384.76
50.0,59.78,36.45,39.45,0.05,0.0,0.0,36.45,0.0,0.0
49.9,54.37,36.31,36.99,0.05,12.36,0.0,48.67,0.0,-616.76
51.0,50.08,37.15,36.49,0.2875,12.36,0.0,49.51,0.0,-630.36
51.7,51.02,37.42,37.19,0.525,12.36,0.0,49.78,0.0,-639.01
54.0,54.19,37.49,37.35,0.7625,12.36,0.0,49.85,0.0,-667.44
54.02,57.14,37.18,37.48,1.0,0.0,0.0,37.18,0.0,0.0
55.38,58.43,37.05,37.68,1.0,0.0,0.0,37.05,0.0,0.0
57.6,58.63,37.04,37.41,1.0,0.0,0.0,37.04,0.0,0.0
65.85,63.66,37.37,37.76,1.0,0.0,12.36,25.01,0.0,814.04
56.94,75.97,36.26,38.27,0.7368,0.0,12.36,23.9,0.0,703.62
54.3,74.7,32.55,37.14,0.4737,0.0,12.36,20.19,0.0,671.26
48.56,63.5,28.85,33.92,0.2105,0.0,9.89,18.96,0.0,480.1
51.81,48.67,27.38,29.8,0.5,0.0,12.36,17.44,0.0,514.99
51.49,46.78,26.05,27.09,0.2368,0.0,8.78,18.31,0.0,398.31
47.74,40.34,24.96,25.52,0.05,12.36,0.0,37.88,0.0,-616.8
48.24,38.13,24.94,25.12,0.2875,12.36,0.0,37.48,0.0,-604.93
47.61,38.1,25.0,24.69,0.525,12.36,0.0,37.05,0.0,-573.7
48.81,40.42,25.68,24.95,0.7625,12.36,0.0,37.31,0.0,-567.66
55.81,45.82,29.09,25.28,1.0,0.0,0.0,25.28,0.0,212.64
60.49,51.58,34.52,28.19,1.0,0.0,-0.0,28.19,0.0,382.9
62.13,57.39,38.68,33.98,1.0,0.0,12.36,21.62,0.0,1059.94
58.69,64.67,39.21,38.93,0.7368,0.0,12.36,26.57,0.0,741.84
56.0,59.62,38.76,40.3,0.4737,0.0,12.36,27.94,0.0,605.92
51.12,52.93,38.35,39.81,0.2105,0.0,0.0,39.81,0.0,-74.64
50.21,50.23,36.35,39.57,0.2105,4.01,0.0,43.58,0.0,-362.81
49.61,46.24,35.87,37.13,0.2875,12.36,0.0,49.49,0.0,-675.69
50.83,45.93,36.65,36.52,0.525,12.36,0.0,48.88,0.0,-621.65
52.59,48.78,36.8,37.22,0.7625,12.36,0.0,49.58,0.0,-672.1
54.23,51.65,37.05,37.55,1.0,0.0,0.0,37.55,0.0,-27.12
54.09,53.43,36.74,37.89,1.0,0.0,0.0,37.89,0.0,-62.2
55.51,54.17,36.8,38.01,1.0,0.0,0.0,38.01,0.0,-67.17
56.42,55.23,36.61,37.45,1.0,0.0,0.0,37.45,0.0,-47.39
62.19,60.06,36.87,37.91,1.0,0.0,12.36,25.55,0.0,703.99
56.16,66.53,35.86,38.31,0.7368,0.0,12.36,25.95,0.0,556.55
53.02,64.66,32.35,36.96,0.4737,0.0,12.36,24.6,0.0,410.9
45.35,56.87,29.14,33.49,0.2105,0.0,9.89,23.6,0.0,251.15
48.99,48.86,27.42,26.44,0.5,0.0,0.0,27.42,0.0,0.0
47.65,53.16,25.91,23.56,0.5,0.0,12.36,13.55,0.0,589.05
43.58,47.18,24.86,23.35,0.2368,0.0,0.0,24.86,0.0,0.0
42.93,43.18,24.49,23.0,0.2368,12.36,0.0,36.85,0.0,-530.61
42.62,42.29,24.09,22.79,0.4743,12.36,0.0,36.45,0.0,-526.78
43.1,43.49,24.1,22.48,0.7118,12.36,0.0,36.46,0.0,-532.72
43.57,45.09,25.06,21.88,0.9493,2.64,0.0,27.7,0.0,-114.96
51.52,46.3,28.23,21.82,1.0,0.0,0.0,28.23,0.0,0.0
54.68,48.11,30.81,22.72,1.0,0.0,0.0,30.81,0.0,0.0
52.13,51.58,31.89,23.31,1.0,0.0,12.36,19.53,0.0,644.43
49.95,52.69,31.88,27.13,0.7368,0.0,12.36,19.52,0.0,617.25
48.0,50.89,31.1,31.73,0.4737,0.0,8.75,22.35,0.0,419.78
43.13,49.21,29.58,34.37,0.2875,0.0,0.0,29.58,0.0,0.0
39.9,47.19,28.23,36.16,0.2875,0.0,0.0,28.23,0.0,0.0
39.9,44.1,27.72,37.42,0.2875,12.36,0.0,40.08,0.0,-493.16
39.9,43.07,27.59,38.88,0.525,12.36,0.0,39.95,0.0,-493.16
42.38,44.58,27.95,38.88,0.7625,12.36,0.0,40.31,0.0,-523.82
44.11,47.73,28.81,38.42,1.0,0.0,0.0,28.81,0.0,0.0
47.7,50.43,29.75,38.78,1.0,0.0,0.0,29.75,0.0,0.0
50.76,51.99,30.94,39.43,1.0,0.0,0.0,30.94,0.0,0.0
57.03,55.93,31.68,36.08,1.0,0.0,9.89,21.79,0.0,563.84
55.83,65.28,31.1,37.9,0.7895,0.0,12.36,18.74,0.0,690.17
49.48,68.39,28.64,39.25,0.5263,0.0,12.36,16.28,0.0,611.44
44.49,57.18,25.67,37.72,0.2632,0.0,12.36,13.31,0.0,549.98
46.2,49.33,24.34,26.16,0.5,0.0,0.0,24.34,0.0,0.0
46.97,56.52,22.78,23.82,0.5,0.0,12.36,10.42,0.0,580.64
39.48,52.55,21.82,23.59,0.2368,0.0,11.12,10.7,0.0,439.1
38.82,46.73,21.34,23.22,0.0,12.36,0.0,33.7,0.0,-479.82
39.05,44.32,21.03,22.93,0.2375,12.36,0.0,33.39,0.0,-482.66
38.4,44.31,20.92,22.79,0.475,12.36,0.0,33.28,0.0,-474.62
37.4,46.18,20.76,22.42,0.7125,12.36,0.0,33.12,0.0,-462.26
37.13,48.34,22.11,22.32,0.95,0.0,0.0,22.11,0.0,0.0
42.58,52.51,24.12,23.11,0.95,0.0,5.19,18.93,0.0,220.99
45.9,56.6,25.5,23.13,0.8395,0.0,12.36,13.14,0.0,567.41
50.82,56.71,26.14,25.59,0.5763,0.0,12.36,13.78,0.0,628.0
50.17,52.9,26.3,32.3,0.3132,0.0,12.36,13.94,0.0,620.2
45.89,49.3,26.01,34.62,0.05,0.0,0.0,26.01,0.0,0.0
36.91,45.85,24.69,35.93,0.05,12.36,0.0,37.05,0.0,-456.21
36.49,42.36,24.04,37.6,0.2875,12.36,0.0,36.4,0.0,-451.02
36.68,42.02,23.95,38.71,0.525,12.36,0.0,36.31,0.0,-453.36
36.79,44.76,24.14,38.66,0.7625,12.36,0.0,36.5,0.0,-454.72
41.26,48.56,24.99,38.19,1.0,0.0,0.0,24.99,0.0,0.0
42.76,50.91,26.31,38.51,1.0,0.0,0.0,26.31,0.0,0.0
52.07,52.44,28.02,39.42,1.0,0.0,0.0,28.02,0.0,0.0
58.93,57.15,29.61,35.76,1.0,0.0,12.36,17.25,0.0,728.49
58.95,66.02,29.83,37.69,0.7368,0.0,12.36,17.47,0.0,728.46
52.07,66.36,27.49,39.18,0.4737,0.0,12.36,15.13,0.0,643.69
45.0,56.08,24.8,37.7,0.2105,0.0,9.89,14.91,0.0,444.9
39.02,49.56,23.27,25.93,0.5,0.0,0.0,23.27,0.0,0.0
35.0,54.26,21.99,26.24,0.5,0.0,12.36,9.63,0.0,432.67
34.55,48.86,21.4,23.31,0.2368,0.0,0.0,21.4,0.0,0.0
34.1,45.29,21.32,23.47,0.2368,12.36,0.0,33.68,0.0,-421.48
35.54,43.65,21.51,22.97,0.4743,12.36,0.0,33.87,0.0,-439.27
37.92,43.99,22.88,23.35,0.7118,12.36,0.0,35.24,0.0,-468.69
48.06,45.75,26.98,24.56,0.9493,2.64,0.0,29.62,0.0,-126.81
55.01,52.7,32.6,28.31,1.0,0.0,0.0,32.6,0.0,0.0
61.24,60.25,37.44,33.78,1.0,0.0,12.36,25.08,0.0,757.05
61.0,63.6,38.5,38.66,0.7368,0.0,12.36,26.14,0.0,753.79
58.01,61.84,38.23,40.46,0.4737,0.0,12.36,25.87,0.0,717.12
55.72,57.82,37.88,40.0,0.2105,0.0,0.0,37.88,0.0,0.0
52.64,54.82,35.92,38.87,0.2105,0.0,0.0,35.92,0.0,0.0
49.66,51.71,35.66,37.14,0.2105,12.36,0.0,48.02,0.0,-613.8
50.68,51.02,36.94,37.47,0.448,12.36,0.0,49.3,0.0,-626.4
51.08,52.51,37.06,38.28,0.6855,5.41,0.0,42.47,0.0,-276.46
50.7,53.86,37.39,38.52,0.7895,0.0,0.0,37.39,0.0,0.0
51.37,54.06,36.74,38.6,0.7895,0.0,0.0,36.74,0.0,0.0
52.19,53.59,36.46,38.49,0.7895,0.0,0.0,36.46,0.0,0.0
55.34,54.26,36.17,38.0,0.7895,0.0,0.0,36.17,0.0,0.0
56.77,58.27,36.64,37.76,0.7895,0.0,12.36,24.28,0.0,701.79
56.09,62.08,35.96,38.27,0.5263,0.0,12.36,23.6,0.0,693.12
52.37,61.67,32.39,37.64,0.2632,0.0,12.36,20.03,0.0,647.4
44.27,56.08,28.77,34.62,0.0,0.0,0.0,28.77,0.0,0.0
42.55,53.92,26.59,31.63,0.5,0.0,12.36,14.23,0.0,526.0
36.0,48.7,25.26,27.4,0.2368,0.0,11.12,14.14,0.0,400.39
35.27,44.71,24.34,24.72,0.0,0.0,0.0,24.34,0.0,0.0
35.27,38.77,24.13,24.29,0.0,12.36,0.0,36.49,0.0,-435.94
35.51,33.61,24.24,23.99,0.2375,12.36,0.0,36.6,0.0,-438.9
38.87,30.63,25.07,24.12,0.475,12.36,0.0,37.43,0.0,-480.43
46.05,33.09,28.52,25.54,0.7125,12.36,0.0,40.88,0.0,-569.18
53.6,41.65,34.14,28.77,0.95,2.6,0.0,36.74,0.0,-139.47
60.66,51.6,38.68,34.14,1.0,0.0,12.36,26.32,0.0,749.88
56.23,57.09,39.37,38.97,0.7368,0.0,12.36,27.01,0.0,694.85
52.86,55.91,39.06,41.0,0.4737,0.0,12.36,26.7,0.0,653.45
47.95,49.32,38.66,40.03,0.2105,0.0,7.54,31.12,0.0,361.46
44.33,44.82,36.51,39.19,0.05,0.0,0.0,36.51,0.0,0.0
40.41,39.87,36.05,37.0,0.05,12.36,0.0,48.41,0.0,-499.47
43.14,37.17,36.91,36.59,0.2875,12.36,0.0,49.27,0.0,-533.21
46.42,39.53,37.17,37.33,0.525,12.36,0.0,49.53,0.0,-573.75
50.01,42.9,37.47,38.0,0.7625,12.36,0.0,49.83,0.0,-618.12
51.27,45.8,36.97,38.51,1.0,0.0,0.0,36.97,0.0,0.0
51.5,47.75,36.63,38.55,1.0,0.0,0.0,36.63,0.0,0.0
56.25,51.14,36.54,37.58,1.0,0.0,0.0,36.54,0.0,0.0
58.42,61.96,36.92,37.43,1.0,0.0,12.36,24.56,0.0,722.19
57.0,69.97,35.95,37.92,0.7368,0.0,12.36,23.59,0.0,704.37
53.6,65.82,32.46,36.87,0.4737,0.0,12.36,20.1,0.0,662.6
44.56,55.57,28.72,33.74,0.2105,0.0,9.89,18.83,0.0,440.55
45.48,59.1,27.31,26.64,0.5,0.0,12.36,14.95,0.0,562.22
44.66,52.77,26.0,27.38,0.2368,0.0,11.12,14.88,0.0,496.71
42.47,50.25,24.95,25.23,0.0,0.0,0.0,24.95,0.0,0.0
41.41,47.76,24.74,24.71,0.0,0.0,0.0,24.74,0.0,0.0
42.42,43.57,24.9,24.99,0.0,12.36,0.0,37.26,0.0,-524.31
43.97,41.99,25.63,25.34,0.2375,12.36,0.0,37.99,0.0,-543.47
48.37,41.5,28.87,25.72,0.475,12.36,0.0,41.23,0.0,-597.85
53.62,42.98,34.38,28.18,0.7125,12.36,0.0,46.74,0.0,-662.74
55.87,49.12,38.75,33.62,0.95,0.0,0.0,38.75,0.0,0.0
54.75,56.93,39.26,38.62,0.95,0.0,12.36,26.9,0.0,676.82
52.26,59.17,38.81,40.28,0.6868,0.0,12.36,26.45,0.0,645.79
51.92,51.99,38.42,39.8,0.4237,0.0,12.36,26.06,0.0,641.83
47.15,46.22,36.19,39.29,0.1605,0.0,0.0,36.19,0.0,0.0
45.87,39.8,35.71,36.86,0.1605,12.36,0.0,48.07,0.0,-566.95
48.83,36.88,36.69,36.34,0.398,12.36,0.0,49.05,0.0,-603.54
51.07,39.85,37.1,37.06,0.6355,12.36,0.0,49.46,0.0,-631.23
50.05,44.37,37.42,37.59,0.873,6.61,0.0,44.03,0.0,-330.8
51.9,47.9,36.92,37.78,1.0,0.0,0.0,36.92,0.0,0.0
54.45,49.65,36.71,37.95,1.0,0.0,0.0,36.71,0.0,0.0
59.99,53.24,36.81,37.56,1.0,0.0,0.0,36.81,0.0,0.0
64.32,65.3,37.31,37.49,1.0,0.0,12.36,24.95,0.0,795.12
63.07,72.64,36.63,37.95,0.7368,0.0,12.36,24.27,0.0,779.37
54.46,66.49,32.83,36.96,0.4737,0.0,12.36,20.47,0.0,673.23
48.12,55.88,29.08,33.9,0.2105,0.0,9.89,19.19,0.0,475.75
48.14,51.93,27.18,30.96,0.5,0.0,9.98,17.2,0.0,480.47
47.41,51.5,25.81,28.84,0.2875,0.0,0.0,25.81,0.0,0.0
45.27,49.91,24.85,26.82,0.2875,0.0,0.0,24.85,0.0,0.0
45.09,46.09,24.57,25.94,0.2875,12.36,0.0,36.93,0.0,-557.31
45.64,43.49,24.66,25.51,0.525,12.36,0.0,37.02,0.0,-564.11
45.78,43.6,25.39,25.48,0.7625,12.36,0.0,37.75,0.0,-565.84
49.8,47.63,28.89,25.78,1.0,0.0,0.0,28.89,0.0,0.0
51.47,56.62,34.51,29.1,1.0,0.0,0.0,34.51,0.0,0.0
56.74,69.3,38.56,34.82,1.0,0.0,12.36,26.2,0.0,701.42
55.57,75.47,39.03,39.45,0.7368,0.0,12.36,26.67,0.0,686.69
52.23,67.12,38.46,40.28,0.4737,0.0,12.36,26.1,0.0,645.67
48.41,61.65,37.92,39.97,0.2105,0.0,7.54,30.38,0.0,364.93
44.05,58.55,35.83,39.36,0.05,0.0,0.0,35.83,0.0,0.0
43.39,53.01,35.54,36.85,0.05,12.36,0.0,47.9,0.0,-536.3
45.41,49.72,36.41,36.52,0.2875,12.36,0.0,48.77,0.0,-561.27
48.64,51.71,36.87,37.28,0.525,12.36,0.0,49.23,0.0,-601.19
47.9,54.83,37.19,37.7,0.7625,12.36,0.0,49.55,0.0,-592.04
47.82,57.24,36.65,37.86,1.0,0.0,0.0,36.65,0.0,0.0
51.51,58.39,36.57,37.85,1.0,0.0,0.0,36.57,0.0,0.0
55.81,59.84,36.84,37.39,1.0,0.0,0.0,36.84,0.0,0.0
64.12,68.88,37.51,37.35,1.0,0.0,12.36,25.15,0.0,792.65
61.15,80.2,36.54,37.57,0.7368,0.0,12.36,24.18,0.0,755.65
53.03,76.43,32.81,36.47,0.4737,0.0,12.36,20.45,0.0,655.56
46.88,64.27,29.09,33.21,0.2105,0.0,9.89,19.2,0.0,463.49
45.61,49.73,27.43,29.75,0.5,2.64,0.0,30.07,0.0,-120.34
46.98,58.66,26.29,27.86,0.5507,0.0,12.36,13.93,0.0,580.77
42.04,52.77,25.17,26.12,0.2875,0.0,0.0,25.17,0.0,0.0
41.13,49.49,24.89,25.36,0.2875,12.36,0.0,37.25,0.0,-508.37
41.13,47.62,24.93,25.07,0.525,12.36,0.0,37.29,0.0,-508.37
42.13,47.91,25.55,25.4,0.7625,12.36,0.0,37.91,0.0,-520.73
48.73,53.4,28.81,26.09,1.0,0.0,0.0,28.81,0.0,0.0
52.33,64.0,34.36,29.63,1.0,0.0,9.89,24.47,0.0,517.37
56.04,74.78,38.57,34.9,0.7895,0.0,12.36,26.21,0.0,692.77
54.1,77.16,39.01,39.35,0.5263,0.0,12.36,26.65,0.0,668.53
52.14,68.76,38.35,40.18,0.2632,0.0,12.36,25.99,0.0,644.55
49.27,63.79,37.83,39.87,0.0,0.0,0.0,37.83,0.0,0.0
44.93,60.19,35.79,39.41,0.0,0.0,0.0,35.79,0.0,0.0
42.78,54.99,35.23,36.99,0.0,12.36,0.0,47.59,0.0,-528.76
44.33,52.34,36.08,36.52,0.2375,12.36,0.0,48.44,0.0,-547.92
46.7,54.05,36.26,37.54,0.475,12.36,0.0,48.62,0.0,-577.21
45.18,56.61,36.47,38.14,0.7125,12.36,0.0,48.83,0.0,-558.42
43.65,58.86,36.07,38.26,0.95,0.0,0.0,36.07,0.0,0.0
48.12,59.73,35.95,38.08,0.95,0.0,0.0,35.95,0.0,0.0
51.34,60.81,36.18,37.53,0.95,0.0,0.0,36.18,0.0,0.0
57.88,68.91,36.78,37.6,0.95,0.0,12.36,24.42,0.0,715.51
54.64,79.32,35.75,38.03,0.6868,0.0,12.36,23.39,0.0,675.2
48.83,75.6,32.3,37.14,0.4237,0.0,12.36,19.94,0.0,603.64
44.2,63.74,28.81,34.13,0.1605,0.0,7.54,21.27,0.0,333.2
45.2,54.67,27.21,26.07,0.5,0.0,12.36,13.71,0.0,610.2
46.35,53.03,25.82,27.83,0.2368,0.0,11.12,16.71,0.0,422.43
43.63,52.82,24.63,25.94,0.0,0.0,0.0,25.94,0.0,-57.16
42.71,47.72,24.14,24.94,-0.0,-0.0,0.0,24.94,0.0,-34.17
40.41,44.26,23.88,24.56,0.0,0.0,0.0,24.56,0.0,-27.48
42.64,41.95,23.72,24.92,-0.0,0.0,0.0,24.92,0.0,-51.17
40.71,41.42,24.69,25.9,-0.0,2.6,0.0,28.5,0.0,-155.19
46.77,42.1,28.01,27.93,0.05,0.0,0.0,27.93,0.0,3.74
50.55,43.36,30.43,31.12,0.05,0.0,0.0,31.12,0.0,-34.88
49.95,44.06,31.33,32.16,0.05,0.0,0.0,32.16,0.0,-41.46
47.51,44.12,31.08,28.65,0.05,0.0,0.0,28.65,0.0,115.45
43.07,44.49,30.22,26.21,0.05,0.0,0.0,26.21,0.0,172.71
41.6,41.63,28.72,25.76,0.05,0.0,0.0,25.76,0.0,123.14
37.04,35.82,27.26,25.81,0.05,12.36,0.0,38.17,0.0,-404.11
37.75,30.42,26.95,26.46,0.2875,12.36,0.0,38.82,0.0,-448.09
38.73,29.41,26.81,27.22,0.525,12.36,0.0,39.58,0.0,-494.58
41.74,38.0,27.27,27.31,0.7625,12.36,0.0,39.67,0.0,-517.58
42.86,45.83,28.01,27.76,1.0,0.0,0.0,27.76,0.0,10.72
44.39,48.95,29.09,29.0,1.0,-0.0,0.0,29.0,0.0,4.0
50.86,51.12,30.99,29.17,1.0,0.0,0.0,29.17,0.0,92.57
58.17,56.26,31.79,30.89,1.0,0.0,9.89,21.0,0.0,627.54
52.9,65.02,31.11,32.23,0.7895,0.0,12.36,19.87,0.0,594.6
46.19,66.66,28.66,31.55,0.5263,0.0,12.36,19.19,0.0,437.42
42.48,61.58,25.84,29.3,0.2632,0.0,12.36,16.94,0.0,378.07
43.55,49.88,24.53,31.02,0.5,0.0,0.0,24.53,0.0,0.0
40.27,56.39,23.16,26.14,0.5,0.0,12.36,10.8,0.0,497.82
34.77,52.93,21.98,23.86,0.2368,0.0,8.77,13.21,0.0,305.06
32.82,47.19,21.6,22.65,0.05,12.36,0.0,33.96,0.0,-405.66
32.71,43.8,21.31,21.81,0.2875,12.36,0.0,33.67,0.0,-404.3
37.86,44.29,20.9,21.29,0.525,12.36,0.0,33.26,0.0,-467.95
33.32,46.33,20.97,21.16,0.7625,12.36,0.0,33.33,0.0,-411.84
38.76,49.67,22.36,21.81,1.0,0.0,0.0,22.36,0.0,0.0
40.29,54.62,24.14,23.44,1.0,0.0,12.36,11.78,0.0,498.06
43.04,57.42,25.34,24.0,0.7368,0.0,12.36,12.98,0.0,531.86
47.27,56.0,26.04,26.65,0.4737,0.0,12.36,13.68,0.0,584.35
45.35,53.2,26.28,29.84,0.2105,0.0,9.89,16.39,0.0,448.36
44.14,50.41,25.93,31.51,0.0,0.0,0.0,25.93,0.0,0.0
42.08,46.56,24.48,31.43,0.0,2.6,0.0,27.08,0.0,-109.5
42.19,42.19,23.96,31.56,0.05,12.36,0.0,36.32,0.0,-521.47
42.4,40.01,23.9,34.41,0.2875,12.36,0.0,36.26,0.0,-524.06
45.34,41.55,24.12,34.6,0.525,12.36,0.0,36.48,0.0,-560.4
42.98,45.34,24.97,33.93,0.7625,12.36,0.0,37.33,0.0,-531.23
47.49,48.99,26.11,34.71,1.0,0.0,0.0,26.11,0.0,0.0
52.78,51.01,28.24,34.74,1.0,0.0,0.0,28.24,0.0,0.0
57.03,55.25,29.87,32.18,1.0,0.0,12.36,17.51,0.0,705.0
57.04,65.26,29.92,33.85,0.7368,0.0,12.36,17.56,0.0,704.86
49.82,64.45,27.73,33.33,0.4737,0.0,12.36,15.37,0.0,615.87
45.0,54.18,25.07,31.0,0.2105,0.0,9.89,15.18,0.0,444.9
34.76,51.05,23.59,26.43,0.5,0.0,12.36,14.07,0.0,330.92
29.46,49.94,22.43,26.95,0.2368,0.0,8.78,18.17,0.0,125.37
23.88,46.81,21.61,24.59,0.05,0.0,0.0,24.59,0.0,-71.16
20.0,43.2,21.45,24.26,0.05,12.36,0.0,36.62,0.0,-303.4
23.93,40.87,21.69,23.39,0.2875,12.36,0.0,35.75,0.0,-336.46
29.47,40.7,22.84,23.6,0.525,12.36,0.0,35.96,0.0,-386.65
39.47,43.17,27.02,24.58,0.7625,12.36,0.0,36.94,0.0,-391.54
47.3,51.58,32.81,28.04,1.0,-0.0,0.0,28.04,0.0,225.62
57.17,61.58,37.62,33.42,1.0,0.0,12.36,21.06,0.0,946.74
57.02,67.42,38.72,38.21,0.7368,0.0,12.36,25.85,0.0,733.85
53.1,64.34,38.61,39.95,0.4737,0.0,12.36,27.59,0.0,585.16
53.04,59.96,38.34,40.03,0.2105,0.0,0.0,40.03,0.0,-89.64
48.08,57.03,36.38,39.02,0.2105,0.0,0.0,39.02,0.0,-126.93
47.06,54.34,36.14,36.93,0.2105,12.36,0.0,49.29,0.0,-618.84
49.6,53.65,37.25,37.15,0.448,12.36,0.0,49.51,0.0,-608.1
50.02,54.36,37.51,38.1,0.6855,5.41,0.0,43.51,0.0,-300.1
52.08,54.87,37.79,38.37,0.7895,0.0,0.0,38.37,0.0,-30.21
50.36,55.03,37.17,38.4,0.7895,0.0,0.0,38.4,0.0,-61.94
50.2,55.18,36.73,38.25,0.7895,0.0,0.0,38.25,0.0,-76.3
53.36,57.51,36.69,37.86,0.7895,0.0,0.0,37.86,0.0,-62.43
55.11,62.31,37.03,38.33,0.7895,0.0,12.36,25.97,0.0,609.52
52.07,65.22,35.97,38.41,0.5263,0.0,12.36,26.05,0.0,516.53
47.11,62.47,32.7,37.22,0.2632,0.0,12.36,24.86,0.0,369.34
41.95,56.65,29.11,33.55,0.0,0.0,-0.0,33.55,0.0,-186.26
44.11,42.22,26.78,27.69,0.5,0.0,12.36,15.33,0.0,505.06
41.79,35.91,25.61,24.98,0.2368,0.0,11.12,13.86,0.0,491.2
36.42,26.1,24.49,22.15,0.0,2.6,0.0,24.75,0.0,-9.55
36.0,21.89,24.36,22.35,0.05,12.36,0.0,34.71,0.0,-372.6
35.37,18.49,24.37,22.03,0.2875,12.36,0.0,34.39,0.0,-354.41
39.22,18.12,24.94,22.85,0.525,12.36,0.0,35.21,0.0,-402.79
46.1,24.47,28.46,24.2,0.7625,12.36,0.0,36.56,0.0,-373.41
51.78,38.11,33.95,27.75,1.0,-0.0,0.0,27.75,0.0,321.04
58.42,49.51,38.25,33.69,1.0,0.0,-0.0,33.69,0.0,266.4
56.49,54.21,39.39,38.83,1.0,0.0,12.36,26.47,0.0,729.85
50.6,53.47,39.09,39.81,0.7368,0.0,12.36,27.45,0.0,588.98
47.06,49.83,39.01,39.47,0.4737,0.0,8.74,30.73,0.0,389.88
40.18,45.23,36.8,39.02,0.2875,0.0,0.0,39.02,0.0,-89.2
38.92,40.11,36.59,37.23,0.2875,12.36,0.0,49.59,0.0,-505.96
41.98,39.51,37.36,37.42,0.525,12.36,0.0,49.78,0.0,-521.39
42.64,43.91,37.79,38.14,0.7625,12.36,0.0,50.5,0.0,-541.95
44.65,48.18,38.16,38.46,1.0,0.0,0.0,38.46,0.0,-13.4
42.06,50.33,37.42,38.42,1.0,-0.0,0.0,38.42,0.0,-42.06
47.04,51.61,37.14,38.1,1.0,0.0,0.0,38.1,0.0,-45.16
50.32,54.25,37.06,37.48,1.0,0.0,0.0,37.48,0.0,-21.13
52.58,59.18,37.53,37.83,1.0,0.0,12.36,25.47,0.0,634.11
51.33,62.19,36.26,38.01,0.7368,0.0,12.36,25.65,0.0,544.61
42.3,60.97,32.75,36.99,0.4737,0.0,12.36,24.63,0.0,343.48
36.4,56.12,29.24,33.67,0.2105,0.0,9.89,23.78,0.0,198.67
34.4,51.28,27.46,32.3,0.5,0.0,0.0,27.46,0.0,0.0
33.07,52.86,26.23,28.51,0.5,0.0,12.36,13.87,0.0,408.81
30.57,48.37,25.13,26.56,0.2368,0.0,0.0,25.13,0.0,0.0
30.48,44.01,24.94,25.33,0.2368,12.36,0.0,37.3,0.0,-376.73
30.32,41.82,24.96,24.63,0.4743,12.36,0.0,37.32,0.0,-374.76
32.77,42.74,25.52,24.57,0.7118,12.36,0.0,37.88,0.0,-405.04
41.24,47.65,29.08,25.32,0.9493,2.64,0.0,31.72,0.0,-108.81
47.45,55.5,34.7,28.2,1.0,0.0,0.0,34.7,0.0,0.0
51.6,65.97,39.29,33.61,1.0,0.0,12.36,26.93,0.0,637.88
49.91,76.15,40.16,38.92,0.7368,0.0,12.36,27.8,0.0,616.75
45.5,69.2,39.81,40.79,0.4737,0.0,12.36,27.45,0.0,562.47
41.32,62.14,39.67,40.57,0.2105,0.0,9.89,29.78,0.0,408.52
34.59,58.08,37.55,39.55,0.0,0.0,0.0,37.55,0.0,0.0
33.27,53.34,37.12,37.45,0.0,4.01,0.0,41.13,0.0,-133.32
35.23,51.42,38.14,37.26,0.077,12.36,0.0,50.5,0.0,-435.44
39.63,51.9,38.28,37.86,0.3145,12.36,0.0,50.64,0.0,-489.83
43.5,52.82,38.37,38.22,0.552,12.36,0.0,50.73,0.0,-537.66
45.09,53.81,37.63,38.28,0.7895,0.0,0.0,37.63,0.0,0.0
46.16,54.34,37.31,38.22,0.7895,0.0,0.0,37.31,0.0,0.0
50.94,54.96,37.33,37.78,0.7895,0.0,0.0,37.33,0.0,0.0
53.27,59.11,37.7,37.59,0.7895,0.0,12.36,25.34,0.0,658.52
49.92,64.04,36.43,38.16,0.5263,0.0,12.36,24.07,0.0,616.88
45.0,63.58,33.06,37.65,0.2632,0.0,12.36,20.7,0.0,556.29
40.23,57.28,29.47,35.04,0.0,0.0,0.0,29.47,0.0,0.0
41.54,49.23,27.46,28.24,0.5,0.0,12.36,15.88,0.0,481.03
40.84,47.69,26.21,26.42,0.2368,0.0,8.78,17.64,0.0,349.82
36.98,43.9,25.19,26.07,0.05,0.0,0.0,26.07,0.0,-32.54
33.8,37.15,24.86,24.97,0.05,12.36,0.0,37.33,0.0,-421.49
33.0,35.28,24.85,24.61,0.2875,12.36,0.0,36.97,0.0,-399.96
38.82,35.9,25.51,24.69,0.525,12.36,0.0,37.05,0.0,-447.98
43.79,40.2,29.02,25.19,0.7625,12.36,0.0,37.55,0.0,-373.53
51.16,47.9,34.45,28.44,1.0,0.0,0.0,28.44,0.0,307.47
56.67,53.98,38.83,33.78,1.0,0.0,12.36,21.42,0.0,986.62
51.09,62.56,39.34,38.49,0.7368,0.0,12.36,26.13,0.0,674.9
48.53,59.55,38.73,40.04,0.4737,0.0,12.36,27.68,0.0,536.26
45.26,52.83,38.3,39.56,0.2105,0.0,0.0,39.56,0.0,-57.03
41.56,49.49,36.3,39.41,0.2105,0.0,0.0,39.41,0.0,-129.25
41.01,44.99,36.11,37.13,0.2105,12.36,0.0,49.49,0.0,-548.71
43.47,42.74,36.92,36.42,0.448,12.36,0.0,48.78,0.0,-515.55
44.3,43.7,37.29,37.21,0.6855,12.36,0.0,49.57,0.0,-544.0
45.29,47.83,37.56,37.74,0.923,4.01,0.0,41.75,0.0,-189.58
44.97,49.99,36.93,37.92,1.0,0.0,0.0,37.92,0.0,-44.52
48.87,50.6,36.77,37.89,1.0,-0.0,0.0,37.89,0.0,-54.73
53.84,52.47,36.99,37.34,1.0,0.0,0.0,37.34,0.0,-18.84
59.19,59.32,37.41,37.42,1.0,0.0,12.36,25.06,0.0,731.0
54.17,66.75,36.2,37.86,0.7368,0.0,12.36,25.5,0.0,579.62
48.19,65.34,32.76,37.26,0.4737,0.0,12.36,24.9,0.0,378.77
42.0,57.04,29.39,34.42,0.2105,0.0,9.89,24.53,0.0,204.04
44.02,48.9,27.59,28.67,0.5,0.0,0.0,27.59,0.0,0.0
43.09,53.53,26.24,27.59,0.5,0.0,12.36,13.88,0.0,532.68
40.7,48.47,25.16,24.81,0.2368,0.0,0.0,25.16,0.0,0.0
39.98,45.71,24.97,24.02,0.2368,12.36,0.0,37.33,0.0,-494.15
39.98,44.33,25.05,24.4,0.4743,12.36,0.0,37.41,0.0,-494.15
37.59,43.96,25.67,24.75,0.7118,12.36,0.0,38.03,0.0,-464.61
45.2,48.08,28.99,25.88,0.9493,2.64,0.0,31.63,0.0,-119.26
54.54,59.08,34.51,30.69,1.0,0.0,0.0,34.51,0.0,0.0
58.61,67.24,38.54,36.15,1.0,0.0,12.36,26.18,0.0,724.54
55.38,70.31,39.21,40.67,0.7368,0.0,12.36,26.85,0.0,684.35
51.24,68.63,38.52,40.86,0.4737,0.0,12.36,26.16,0.0,633.43
50.58,65.75,38.05,40.27,0.2105,0.0,0.0,38.05,0.0,0.0
44.41,63.46,36.03,39.11,0.2105,0.0,0.0,36.03,0.0,0.0
41.97,59.45,35.7,36.68,0.2105,12.36,0.0,48.06,0.0,-518.75
43.57,58.36,36.35,36.71,0.448,12.36,0.0,48.71,0.0,-538.53
44.45,59.6,36.69,37.28,0.6855,0.0,0.0,36.69,0.0,0.0
49.15,60.68,36.96,37.39,0.6855,0.0,0.0,36.96,0.0,0.0
47.26,60.35,36.34,37.46,0.6855,0.0,0.0,36.34,0.0,0.0
48.4,59.46,36.36,37.58,0.6855,5.41,0.0,41.77,0.0,-261.96
51.71,61.03,36.66,37.49,0.7895,0.0,0.0,36.66,0.0,0.0
56.72,71.37,37.03,37.51,0.7895,0.0,12.36,24.67,0.0,701.17
54.45,77.39,35.7,37.58,0.5263,0.0,12.36,23.34,0.0,672.85
49.5,73.33,32.51,36.47,0.2632,0.0,12.36,20.15,0.0,611.92
47.12,63.46,29.18,33.31,0.0,0.0,0.0,29.18,0.0,0.0
60.9,61.9,24.62,30.74,0.5,0.0,12.36,18.38,0.0,380.02
54.9,56.61,23.0,26.85,0.2368,0.0,11.12,15.73,0.0,399.34
51.43,49.54,21.79,25.12,0.0,0.0,0.0,25.12,0.0,-171.26
48.02,47.62,21.09,23.42,-0.0,-0.0,0.0,23.42,0.0,-111.89
48.37,46.31,20.98,23.12,0.0,2.6,0.0,25.72,0.0,-229.38
47.17,44.76,21.1,23.34,0.05,12.36,0.0,35.7,0.0,-688.68
48.19,43.22,22.18,24.04,0.2875,12.36,0.0,36.4,0.0,-685.26
52.87,42.89,23.14,24.83,0.525,12.36,0.0,37.19,0.0,-742.82
54.99,45.27,24.26,24.55,0.7625,12.36,0.0,36.91,0.0,-695.62
56.5,48.76,26.17,25.5,1.0,0.0,0.0,25.5,0.0,37.86
56.55,51.3,27.26,26.69,1.0,0.0,0.0,26.69,0.0,32.23
60.02,52.31,27.81,27.43,1.0,0.0,-0.0,27.43,0.0,22.81
60.22,51.92,27.72,28.53,1.0,0.0,0.0,28.53,0.0,-48.78
55.0,50.83,25.97,29.22,1.0,0.0,0.0,29.22,0.0,-178.75
54.19,50.09,25.76,30.2,1.0,0.0,0.0,30.2,0.0,-240.6
58.65,50.73,25.88,31.23,1.0,0.0,0.0,31.23,0.0,-313.78
62.24,53.0,27.24,31.79,1.0,0.0,-0.0,31.79,0.0,-283.19
68.57,56.93,30.84,31.09,1.0,0.0,-0.0,31.09,0.0,-17.14
72.48,60.99,32.08,31.92,1.0,0.0,0.0,31.92,0.0,11.6
75.23,63.98,32.89,36.49,1.0,0.0,0.0,36.49,0.0,-270.83
74.05,65.81,31.67,41.37,1.0,0.0,9.89,31.48,0.0,13.92
70.91,66.67,30.08,39.11,0.7895,0.0,12.36,26.75,0.0,236.13
63.22,67.71,27.67,36.66,0.5263,0.0,12.36,24.3,0.0,213.05
58.65,65.86,25.22,34.0,0.2632,0.0,12.36,21.64,0.0,209.97
45.07,61.57,28.29,30.56,0.5,0.0,12.36,18.2,0.0,454.76
42.57,55.55,26.83,24.87,0.2368,0.0,11.12,13.75,0.0,556.99
39.08,51.64,25.93,24.84,0.0,0.0,0.0,24.84,0.0,42.6
38.29,48.88,25.75,24.81,-0.0,-0.0,0.0,24.81,0.0,35.99
38.46,46.42,25.97,24.82,0.0,12.36,0.0,37.18,0.0,-431.14
42.61,44.56,27.6,25.31,0.2375,12.36,0.0,37.67,0.0,-429.08
54.11,43.91,32.65,28.98,0.475,12.36,0.0,41.34,0.0,-470.22
64.31,46.49,38.62,35.81,0.7125,12.36,0.0,48.17,0.0,-614.16
69.26,51.96,42.81,40.9,0.95,0.0,6.4,34.5,0.0,575.29
63.09,55.51,43.73,43.89,0.8138,0.0,12.36,31.53,0.0,769.7
59.42,54.72,43.15,43.57,0.5507,0.0,12.36,31.21,0.0,709.47
55.98,51.77,42.45,42.52,0.2875,0.0,0.0,42.52,0.0,-3.92
52.87,49.4,39.88,41.04,0.2875,0.0,0.0,41.04,0.0,-61.33
52.56,46.64,39.23,39.52,0.2875,12.36,0.0,51.88,0.0,-664.88
55.33,44.41,40.51,38.61,0.525,12.36,0.0,50.97,0.0,-578.75
57.91,45.46,41.4,38.99,0.7625,12.36,0.0,51.35,0.0,-576.2
61.81,50.3,42.46,40.14,1.0,0.0,0.0,40.14,0.0,143.4
68.42,55.72,44.05,41.43,1.0,0.0,9.89,31.54,0.0,855.8
72.23,58.66,45.56,43.11,0.7895,0.0,12.36,30.75,0.0,1069.73
71.62,59.69,44.24,43.83,0.5263,0.0,12.36,31.47,0.0,914.59
67.12,57.29,41.38,43.09,0.2632,0.0,12.36,30.73,0.0,714.83
63.99,53.62,37.92,40.81,0.0,0.0,-0.0,40.81,0.0,-184.93
59.34,49.92,34.06,37.8,0.0,0.0,-0.0,37.8,0.0,-221.93
53.16,48.04,30.51,33.97,0.0,0.0,-0.0,33.97,0.0,-183.93
53.88,47.82,27.5,29.66,0.5,0.0,0.0,29.66,0.0,-116.38
53.2,45.77,26.06,27.41,0.5,0.0,0.0,27.41,0.0,-71.82
52.86,43.95,25.27,25.27,0.5,1.3,0.0,26.57,0.0,-68.77
51.91,43.02,25.12,24.54,0.525,12.36,0.0,36.9,0.0,-611.5
51.91,43.49,25.3,24.19,0.7625,12.36,0.0,36.55,0.0,-583.99
53.88,45.73,26.74,24.87,1.0,0.0,0.0,24.87,0.0,100.76
63.5,50.7,31.96,27.04,1.0,0.0,-0.0,27.04,0.0,312.42
66.29,58.93,36.81,31.71,1.0,0.0,9.89,21.82,0.0,993.55
70.0,73.92,41.03,38.76,0.7895,0.0,12.36,26.4,0.0,1024.1
66.95,72.48,41.49,40.97,0.5263,0.0,12.36,28.61,0.0,862.32
58.89,59.32,40.69,40.27,0.2632,0.0,12.36,27.91,0.0,752.61
54.12,52.16,40.12,39.54,0.0,0.0,0.0,39.54,0.0,31.39
49.05,47.61,37.74,38.64,-0.0,12.36,0.0,51.0,0.0,-650.4
51.07,45.51,37.42,37.03,0.2375,12.36,0.0,49.39,0.0,-611.31
54.12,46.7,38.94,36.52,0.475,12.36,0.0,48.88,0.0,-537.95
59.81,48.95,39.64,37.02,0.7125,12.36,0.0,49.38,0.0,-582.55
67.0,51.13,40.39,37.83,0.95,2.6,0.0,40.43,0.0,-2.82
70.54,54.33,40.69,38.79,1.0,0.0,0.0,38.79,0.0,134.03
73.37,61.42,42.69,39.98,1.0,0.0,12.36,27.62,0.0,1105.69
75.72,74.85,42.46,40.42,0.7368,0.0,12.36,28.06,0.0,1090.37
68.14,76.09,40.38,38.13,0.4737,0.0,12.36,25.77,0.0,995.53
59.81,61.16,37.05,36.41,0.2105,0.0,9.89,26.52,0.0,629.68
56.1,55.44,33.21,33.96,-0.0,0.0,0.0,33.96,0.0,-42.08
50.15,52.4,29.63,30.27,0.0,0.0,-0.0,30.27,0.0,-32.1
54.72,52.82,27.57,27.27,0.5,0.0,9.98,17.59,0.0,546.14
50.57,48.07,25.85,25.83,0.2875,0.0,0.0,25.85,0.0,0.0
49.12,44.96,24.74,25.49,0.2875,12.36,0.0,37.1,0.0,-607.12
48.63,44.1,24.41,25.38,0.525,12.36,0.0,36.77,0.0,-601.07
48.58,45.92,24.2,25.54,0.7625,12.36,0.0,36.56,0.0,-600.45
49.01,49.74,24.64,25.8,1.0,0.0,0.0,24.64,0.0,0.0
52.55,53.58,26.82,26.44,1.0,0.0,0.0,26.82,0.0,0.0
58.0,56.96,29.14,28.39,1.0,0.0,0.0,29.14,0.0,0.0
62.56,61.77,31.33,33.95,1.0,0.0,12.36,18.97,0.0,773.37
62.59,69.45,32.04,39.53,0.7368,0.0,12.36,19.68,0.0,773.44
55.02,69.59,31.55,38.52,0.4737,0.0,12.36,19.19,0.0,680.16
51.34,61.32,30.58,37.29,0.2105,0.0,9.89,20.69,0.0,507.59
44.99,54.98,28.88,36.44,0.0,0.0,0.0,28.88,0.0,0.0
40.39,47.58,27.55,34.71,0.0,2.6,0.0,30.15,0.0,-105.1
42.12,40.42,27.52,33.49,0.05,12.36,0.0,39.88,0.0,-520.6
43.64,39.68,27.48,32.78,0.2875,12.36,0.0,39.84,0.0,-539.39
47.78,42.09,28.0,32.41,0.525,12.36,0.0,40.36,0.0,-590.56
51.84,46.17,28.93,32.44,0.7625,12.36,0.0,41.29,0.0,-640.74
54.79,49.31,30.77,32.3,1.0,0.0,0.0,30.77,0.0,0.0
63.91,53.34,32.87,32.45,1.0,0.0,0.0,32.87,0.0,0.0
72.17,63.58,34.3,33.19,1.0,0.0,12.36,21.94,0.0,892.16
61.8,72.16,31.88,33.53,0.7368,0.0,12.36,19.52,0.0,763.68
51.83,64.11,29.23,32.2,0.4737,0.0,12.36,16.87,0.0,640.72
49.04,56.86,26.45,30.31,0.2105,0.0,9.89,16.56,0.0,484.85
45.67,50.48,23.48,27.76,0.5,0.0,12.36,11.12,0.0,564.57
38.11,49.37,22.18,26.52,0.2368,0.0,8.77,13.41,0.0,334.36
34.01,44.45,21.48,25.08,0.05,12.36,0.0,33.84,0.0,-420.36
32.93,40.58,21.41,24.61,0.2875,12.36,0.0,33.77,0.0,-407.01
32.94,40.06,21.77,24.74,0.525,12.36,0.0,34.13,0.0,-407.14
43.45,41.84,23.55,25.26,0.7625,12.36,0.0,35.91,0.0,-537.04
55.99,45.11,27.58,25.99,1.0,0.0,0.0,27.58,0.0,0.0
60.93,48.51,33.37,28.09,1.0,0.0,0.0,33.37,0.0,0.0
63.59,51.46,38.08,34.29,1.0,0.0,9.89,28.19,0.0,628.7
62.03,54.85,38.9,35.6,0.7895,0.0,12.36,26.54,0.0,766.81
58.19,56.94,38.48,35.7,0.5263,0.0,12.36,26.12,0.0,719.07
55.81,53.5,38.05,35.78,0.2632,0.0,12.36,25.69,0.0,689.92
49.5,49.49,36.14,34.95,0.0,0.0,0.0,36.14,0.0,0.0
49.41,45.13,35.85,33.1,0.0,2.6,0.0,38.45,0.0,-128.57
49.49,38.95,36.69,31.99,0.05,12.36,0.0,49.05,0.0,-611.7
50.04,36.72,37.13,32.23,0.2875,12.36,0.0,49.49,0.0,-618.49
54.88,39.61,37.58,30.66,0.525,12.36,0.0,49.94,0.0,-678.32
56.7,43.94,37.35,30.55,0.7625,12.36,0.0,49.71,0.0,-700.81
57.17,47.48,37.37,31.46,1.0,0.0,0.0,37.37,0.0,0.0
60.72,50.14,37.48,33.28,1.0,0.0,0.0,37.48,0.0,0.0
66.04,54.85,38.12,33.83,1.0,0.0,9.89,28.23,0.0,652.92
64.04,63.4,37.04,34.29,0.7895,0.0,12.36,24.68,0.0,791.66
59.12,66.41,33.31,33.02,0.5263,0.0,12.36,20.95,0.0,730.56
50.92,58.86,29.66,31.68,0.2632,0.0,12.36,17.3,0.0,629.47
42.74,53.14,29.03,30.1,0.5,0.0,12.36,17.74,0.0,482.53
38.49,51.31,27.59,26.23,0.2368,0.0,11.12,15.11,0.0,480.51
35.17,48.59,26.57,25.1,0.0,0.0,-0.0,25.1,0.0,51.7
34.24,42.14,26.23,23.92,0.0,12.36,0.0,36.28,0.0,-344.11
34.61,39.19,26.33,22.94,0.2375,12.36,0.0,35.3,0.0,-310.45
34.92,38.5,26.75,22.24,0.475,12.36,0.0,34.6,0.0,-274.12
43.27,40.58,30.05,22.0,0.7125,12.36,0.0,34.36,0.0,-186.49
56.42,43.97,35.63,22.82,0.95,0.0,0.0,22.82,0.0,722.74
69.96,47.29,40.15,24.73,0.95,0.0,5.19,19.54,0.0,1441.96
64.18,49.61,40.93,27.2,0.8395,0.0,12.36,14.84,0.0,1674.46
54.38,48.87,40.68,28.67,0.5763,0.0,12.36,16.31,0.0,1325.24
49.19,47.65,40.58,30.13,0.3132,0.0,12.36,17.77,0.0,1122.02
44.37,45.81,38.44,29.87,0.05,0.0,0.0,29.87,0.0,380.25
45.04,42.28,38.28,28.52,0.05,12.36,0.0,40.88,0.0,-117.1
46.52,38.29,39.38,27.16,0.2875,12.36,0.0,39.52,0.0,-6.51
52.42,37.22,39.72,26.48,0.525,12.36,0.0,38.84,0.0,46.13
54.96,40.28,40.18,26.54,0.7625,12.36,0.0,38.9,0.0,70.35
57.23,43.45,39.77,27.14,1.0,0.0,0.0,27.14,0.0,722.81
58.04,46.24,39.46,27.52,1.0,0.0,0.0,27.52,0.0,693.0
62.27,50.48,38.87,29.94,1.0,-0.0,0.0,29.94,0.0,556.07
66.03,57.15,38.73,39.11,1.0,0.0,9.89,29.22,0.0,627.81
57.94,63.18,37.83,38.07,0.7895,0.0,12.36,25.71,0.0,702.23
51.84,64.35,34.37,37.04,0.5263,0.0,12.36,24.68,0.0,502.33
42.08,61.9,30.92,34.3,0.2632,0.0,12.36,21.94,0.0,377.88
59.92,55.17,34.23,31.47,0.5,0.0,0.0,31.47,0.0,165.38
57.81,53.84,32.34,31.84,0.5,0.0,0.0,31.84,0.0,28.91
52.47,58.13,30.91,29.96,0.5,0.0,12.36,17.6,0.0,698.38
49.34,52.43,30.14,27.47,0.2368,2.64,0.0,30.11,0.0,1.66
47.47,50.54,29.65,26.79,0.2875,12.36,0.0,39.15,0.0,-450.96
48.25,49.3,29.16,26.4,0.525,12.36,0.0,38.76,0.0,-463.2
47.78,49.46,30.12,25.77,0.7625,12.36,0.0,38.13,0.0,-382.72
50.63,54.24,32.6,28.34,1.0,0.0,0.0,28.34,0.0,215.68
51.23,61.58,34.95,33.11,1.0,0.0,-0.0,33.11,0.0,94.26
52.7,66.09,36.64,37.62,1.0,0.0,0.0,37.62,0.0,-51.65
49.57,67.66,37.11,40.04,1.0,0.0,12.36,27.68,0.0,467.45
44.26,65.36,37.07,40.41,0.7368,0.0,0.0,40.41,0.0,-147.83
44.37,62.83,36.4,39.76,0.7368,0.0,0.0,39.76,0.0,-149.08
43.5,60.55,35.62,39.65,0.7368,1.34,0.0,40.99,0.0,-233.39
43.5,59.68,35.37,40.39,0.7625,12.36,0.0,52.75,0.0,-756.03
43.22,60.72,35.28,42.11,1.0,0.0,0.0,42.11,0.0,-295.19
44.9,62.5,35.87,42.42,1.0,0.0,0.0,42.42,0.0,-294.1
49.53,64.22,36.75,41.62,1.0,0.0,0.0,41.62,0.0,-241.21
54.95,65.91,37.56,40.53,1.0,0.0,0.0,40.53,0.0,-163.2
61.46,67.64,38.03,39.22,1.0,0.0,9.89,29.33,0.0,534.58
61.58,68.71,37.66,37.98,0.7895,0.0,12.36,25.62,0.0,741.42
63.71,68.93,37.21,38.6,0.5263,0.0,12.36,26.24,0.0,698.9
55.72,68.34,35.6,38.83,0.2632,0.0,12.36,26.47,0.0,508.72
45.93,66.51,33.07,37.35,0.0,0.0,-0.0,37.35,0.0,-196.58
51.71,64.14,29.27,34.67,0.5,12.36,0.0,41.63,0.0,-639.14
50.35,74.37,27.63,30.9,0.7375,0.0,12.36,15.27,0.0,622.43
46.91,73.39,26.44,27.16,0.4743,0.0,9.91,16.53,0.0,465.11
45.88,70.8,25.91,25.67,0.2632,0.0,0.0,25.91,0.0,0.0
45.99,69.21,25.78,25.25,0.2632,0.0,0.0,25.78,0.0,0.0
44.26,68.31,26.67,25.28,0.2632,0.0,0.0,26.67,0.0,0.0
45.86,68.49,28.61,26.09,0.2632,0.0,0.0,28.61,0.0,0.0
48.15,70.99,32.39,27.94,0.2632,0.0,0.0,32.39,0.0,0.0
46.53,73.74,36.57,32.99,0.2632,0.0,12.36,24.21,0.0,575.2
48.42,73.18,38.03,37.34,0.0,0.0,0.0,38.03,0.0,0.0
44.85,70.59,38.44,39.11,0.0,0.0,0.0,38.44,0.0,0.0
45.92,66.09,38.75,40.48,0.0,2.6,0.0,41.35,0.0,-119.49
44.06,62.07,38.25,41.22,0.05,12.36,0.0,50.61,0.0,-544.58
44.33,57.7,38.3,41.39,0.2875,12.36,0.0,50.66,0.0,-547.92
44.41,55.9,39.11,41.04,0.525,12.36,0.0,51.47,0.0,-548.91
45.51,57.73,39.35,42.54,0.7625,12.36,0.0,51.71,0.0,-562.5
50.54,66.83,39.87,43.99,1.0,0.0,0.0,39.87,0.0,0.0
54.3,74.66,39.8,43.1,1.0,0.0,0.0,39.8,0.0,0.0
57.38,78.97,39.72,42.28,1.0,0.0,9.89,29.83,0.0,567.3
58.19,81.99,39.16,41.32,0.7895,0.0,12.36,26.8,0.0,719.34
59.56,82.39,39.11,40.49,0.5263,0.0,12.36,26.75,0.0,736.0
59.25,80.59,38.12,40.38,0.2632,0.0,12.36,25.76,0.0,732.45
55.59,77.79,35.02,38.68,0.0,0.0,0.0,35.02,0.0,0.0
50.05,75.08,31.99,36.76,0.0,0.0,0.0,31.99,0.0,0.0
46.31,72.87,30.14,34.27,0.5,10.41,0.0,40.55,0.0,-482.01
42.11,77.8,28.57,31.34,0.7,0.0,0.0,28.57,0.0,0.0
40.87,77.73,27.57,29.46,0.7,0.0,0.0,27.57,0.0,0.0
40.63,75.45,27.22,27.38,0.7,0.0,0.0,27.22,0.0,0.0
40.83,73.39,27.3,26.11,0.7,0.0,0.0,27.3,0.0,0.0
41.96,72.81,28.5,25.32,0.7,10.41,0.0,38.91,0.0,-436.74
50.96,74.36,32.16,25.79,0.9,0.0,0.0,32.16,0.0,0.0
57.57,77.96,36.45,27.11,0.9,0.0,0.0,36.45,0.0,0.0
66.11,81.81,41.13,31.14,0.9,0.0,0.0,41.13,0.0,0.0
66.7,84.63,42.32,34.61,0.9,0.0,9.39,32.93,0.0,626.55
60.84,84.94,42.3,35.5,0.7,0.0,9.39,32.91,0.0,571.51
58.09,83.27,42.17,35.26,0.5,0.0,9.39,32.78,0.0,545.67
49.85,79.43,40.11,34.25,0.3,0.0,0.0,40.11,0.0,0.0
48.28,75.03,39.81,32.3,0.3,0.0,0.0,39.81,0.0,0.0
55.0,73.47,40.78,31.22,0.3,10.41,0.0,51.19,0.0,-572.46
57.96,73.32,41.04,31.41,0.5,10.41,0.0,51.45,0.0,-603.27
57.96,74.53,41.22,32.03,0.7,0.0,0.0,41.22,0.0,0.0
58.46,75.91,40.55,33.28,0.7,0.0,0.0,40.55,0.0,0.0
52.33,77.49,40.3,34.51,0.7,0.0,0.0,40.3,0.0,0.0
58.99,81.39,40.55,34.7,0.7,0.0,9.39,31.16,0.0,554.13
58.92,90.6,40.21,35.41,0.5,0.0,9.39,30.82,0.0,553.47
54.23,91.97,37.41,34.37,0.3,0.0,9.39,28.02,0.0,509.41
49.23,84.05,34.06,32.52,0.1,0.0,4.7,29.36,0.0,231.22
42.38,78.58,31.03,30.52,0.0,0.0,0.0,31.03,0.0,0.0
43.72,74.62,24.04,29.49,0.5,0.0,12.36,17.13,0.0,302.11
41.21,62.28,22.48,27.58,0.2368,0.0,0.0,27.58,0.0,-210.17
40.48,57.91,21.58,26.13,0.2368,0.0,0.0,26.13,0.0,-184.18
38.42,57.8,21.07,25.63,0.2368,2.64,0.0,28.27,0.0,-276.48
38.4,56.94,20.92,24.82,0.2875,12.36,0.0,37.18,0.0,-624.38
38.4,56.08,21.2,24.78,0.525,12.36,0.0,37.14,0.0,-612.1
41.0,57.44,22.42,25.23,0.7625,12.36,0.0,37.59,0.0,-621.97
42.38,61.71,23.06,27.75,1.0,0.0,0.0,27.75,0.0,-198.76
44.42,66.96,24.35,31.87,1.0,0.0,-0.0,31.87,0.0,-334.04
41.95,70.64,25.33,37.94,1.0,0.0,12.36,25.58,0.0,-10.49
41.0,69.79,25.72,41.08,0.7368,0.0,0.0,41.08,0.0,-629.76
40.0,67.71,25.8,41.13,0.7368,0.0,0.0,41.13,0.0,-613.2
38.68,65.89,25.49,40.89,0.7368,0.0,0.0,40.89,0.0,-595.67
35.8,63.54,24.34,40.19,0.7368,0.0,0.0,40.19,0.0,-567.43
36.95,62.4,23.91,38.71,0.7368,12.36,0.0,51.07,0.0,-1003.56
36.98,63.05,23.95,38.75,0.9743,1.34,0.0,40.09,0.0,-596.68
40.84,64.7,24.4,39.61,1.0,0.0,0.0,39.61,0.0,-621.18
41.6,67.59,25.64,39.87,1.0,0.0,0.0,39.87,0.0,-591.97
50.27,70.45,28.03,38.85,1.0,0.0,0.0,38.85,0.0,-543.92
63.72,74.14,31.08,35.07,1.0,0.0,12.36,22.71,0.0,533.34
61.82,81.02,30.56,39.34,0.7368,0.0,12.36,26.98,0.0,221.32
53.54,79.57,28.98,40.1,0.4737,0.0,12.36,27.74,0.0,66.39
49.1,71.79,26.89,37.95,0.2105,0.0,9.89,28.06,0.0,-57.55
43.45,66.77,24.59,34.85,0.0,0.0,-0.0,34.85,0.0,-445.8
36.97,64.3,26.74,32.15,0.5,0.0,0.0,32.15,0.0,-200.01
35.75,59.32,25.16,29.66,0.5,12.36,0.0,42.02,0.0,-602.74
34.27,71.58,24.46,27.48,0.7375,0.0,12.36,15.12,0.0,320.08
33.79,71.0,24.17,25.46,0.4743,0.0,0.0,25.46,0.0,-43.59
34.45,66.53,24.35,24.13,0.4743,0.0,0.0,24.13,0.0,7.58
37.74,64.11,26.01,24.48,0.4743,2.64,0.0,27.12,0.0,-41.75
45.63,61.19,30.62,25.21,0.525,12.36,0.0,37.57,0.0,-317.13
55.77,63.48,35.46,29.49,0.7625,12.36,0.0,41.85,0.0,-356.37
57.77,66.79,39.27,34.44,1.0,0.0,0.0,34.44,0.0,279.03
56.92,71.86,39.92,39.49,1.0,0.0,-0.0,39.49,0.0,24.48
56.8,73.89,40.04,40.59,1.0,0.0,12.36,28.23,0.0,670.81
56.44,72.49,39.62,39.56,0.7368,0.0,0.0,39.56,0.0,3.39
54.42,69.88,37.64,38.31,0.7368,0.0,0.0,38.31,0.0,-36.46
55.8,67.57,37.59,38.41,0.7368,0.0,0.0,38.41,0.0,-45.76
57.28,66.04,38.95,39.0,0.7368,12.36,0.0,51.36,0.0,-710.84
57.39,66.97,39.8,40.02,0.9743,0.0,0.0,40.02,0.0,-12.63
61.63,69.61,40.83,40.53,0.9743,0.0,0.0,40.53,0.0,18.49
77.08,73.35,42.5,42.2,0.9743,0.0,8.68,33.52,0.0,692.4
77.38,76.95,41.93,43.83,0.7895,0.0,12.36,31.47,0.0,809.39
67.02,77.82,40.84,42.6,0.5263,0.0,12.36,30.24,0.0,710.41
56.85,74.75,38.37,38.36,0.2632,0.0,12.36,26.0,0.0,703.23
49.37,71.2,35.42,35.39,0.0,0.0,-0.0,35.39,0.0,1.48
45.01,66.63,31.9,33.14,0.0,0.0,-0.0,33.14,0.0,-55.81
40.3,62.33,28.79,30.86,0.0,0.0,-0.0,30.86,0.0,-83.42
47.78,61.23,28.16,28.34,0.5,12.36,0.0,40.52,0.0,-590.56
44.49,74.39,26.48,27.71,0.7375,0.0,12.36,14.12,0.0,549.98
42.79,70.36,25.73,26.77,0.4743,0.0,8.77,16.96,0.0,375.42
41.76,64.36,25.39,26.36,0.2875,0.0,0.0,25.39,0.0,0.0
41.83,61.78,25.81,26.6,0.2875,12.36,0.0,38.17,0.0,-517.02
44.84,59.76,27.34,26.82,0.525,12.36,0.0,39.7,0.0,-554.22
50.0,60.13,32.42,27.86,0.7625,12.36,0.0,44.78,0.0,-618.0
56.6,64.42,38.13,32.77,1.0,0.0,0.0,38.13,0.0,0.0
60.6,70.31,41.98,38.32,1.0,0.0,0.0,41.98,0.0,0.0
59.49,74.04,42.97,42.14,1.0,0.0,0.0,42.97,0.0,0.0
56.02,75.66,42.5,43.56,1.0,0.0,0.0,42.5,0.0,0.0
53.21,74.97,41.84,43.19,1.0,0.0,0.0,41.84,0.0,0.0
50.99,72.45,39.83,42.29,1.0,0.0,0.0,39.83,0.0,0.0
50.91,68.54,39.52,40.82,1.0,0.0,0.0,39.52,0.0,0.0
52.94,69.38,40.5,40.79,1.0,0.0,0.0,40.5,0.0,0.0
57.1,75.91,41.37,42.04,1.0,0.0,0.0,41.37,0.0,0.0
63.72,80.21,42.95,43.31,1.0,0.0,12.36,30.59,0.0,787.71
68.64,83.45,44.53,44.55,0.7368,0.0,12.36,32.17,0.0,848.2
66.53,83.51,43.72,45.88,0.4737,0.0,12.36,31.36,0.0,822.44
60.17,78.0,42.67,43.65,0.2105,0.0,9.89,32.78,0.0,594.89
58.36,73.53,39.87,39.48,0.0,0.0,0.0,39.87,0.0,0.0
52.45,71.97,36.96,37.1,0.0,0.0,0.0,36.96,0.0,0.0
50.12,69.8,33.63,34.16,0.0,0.0,0.0,33.63,0.0,0.0
48.4,69.9,30.44,31.55,0.0,0.0,0.0,30.44,0.0,0.0
50.7,49.95,30.44,31.15,0.5,0.0,0.0,30.44,0.0,0.0
40.96,55.05,28.98,29.99,0.5,0.0,8.77,20.21,0.0,359.37
37.53,55.15,27.87,28.57,0.3132,0.0,12.36,15.51,0.0,463.95
36.56,46.49,27.5,27.41,0.05,12.36,0.0,39.86,0.0,-451.88
36.52,42.48,27.46,26.91,0.2875,12.36,0.0,39.82,0.0,-451.39
36.49,41.26,28.08,26.97,0.525,12.36,0.0,40.44,0.0,-451.02
45.93,43.74,31.29,27.5,0.7625,12.36,0.0,43.65,0.0,-567.69
50.79,51.92,36.35,30.5,1.0,0.0,0.0,36.35,0.0,0.0
58.28,59.89,40.95,35.81,1.0,0.0,0.0,40.95,0.0,0.0
55.94,62.76,41.99,40.59,1.0,0.0,12.36,29.63,0.0,691.53
52.08,61.02,42.07,42.42,0.7368,0.0,9.95,32.12,0.0,518.08
50.53,57.92,41.96,42.71,0.525,0.0,0.0,41.96,0.0,0.0
44.73,56.02,40.07,42.61,0.525,0.0,0.0,40.07,0.0,0.0
44.86,52.8,40.26,41.62,0.525,12.36,0.0,52.62,0.0,-554.47
51.33,52.87,41.3,41.18,0.7625,12.36,0.0,53.66,0.0,-634.44
52.59,56.39,41.74,41.44,1.0,0.0,0.0,41.74,0.0,0.0
58.28,59.68,42.06,41.47,1.0,0.0,0.0,42.06,0.0,0.0
56.85,61.7,41.53,41.4,1.0,0.0,0.0,41.53,0.0,0.0
57.13,62.51,40.88,41.26,1.0,0.0,0.0,40.88,0.0,0.0
61.5,63.2,39.97,40.84,1.0,0.0,0.0,39.97,0.0,0.0
63.51,65.63,39.39,40.11,1.0,0.0,12.36,27.03,0.0,785.11
59.29,68.1,38.66,39.38,0.7368,0.0,12.36,26.3,0.0,732.66
52.37,67.86,35.68,38.94,0.4737,0.0,12.36,23.32,0.0,647.4
46.17,64.05,32.51,36.5,0.2105,0.0,9.89,22.62,0.0,456.47
43.67,51.95,30.2,30.99,0.5,0.0,0.0,30.2,0.0,0.0
46.65,50.44,28.67,28.94,0.5,0.0,0.0,28.67,0.0,0.0
40.67,55.06,27.49,28.45,0.5,0.0,9.98,17.51,0.0,405.92
37.56,49.11,27.04,27.27,0.2875,12.36,0.0,39.4,0.0,-464.24
39.43,46.94,26.78,26.8,0.525,12.36,0.0,39.14,0.0,-487.35
37.87,47.69,27.06,27.04,0.7625,12.36,0.0,39.42,0.0,-468.07
46.54,52.5,30.08,27.84,1.0,0.0,0.0,30.08,0.0,0.0
52.94,59.52,35.13,31.12,1.0,0.0,0.0,35.13,0.0,0.0
60.27,66.11,39.97,36.52,1.0,0.0,12.36,27.61,0.0,745.06
54.36,69.9,41.04,41.04,0.7368,0.0,12.36,28.68,0.0,671.74
48.88,67.41,41.24,42.9,0.4737,0.0,12.36,28.88,0.0,604.25
49.74,62.32,41.32,43.36,0.2105,0.0,0.0,41.32,0.0,0.0
43.31,59.17,39.44,43.32,0.2105,0.0,0.0,39.44,0.0,0.0
43.31,56.44,39.41,42.9,0.2105,12.36,0.0,51.77,0.0,-535.31
47.79,55.99,40.34,42.07,0.448,12.36,0.0,52.7,0.0,-590.68
48.88,57.47,40.76,42.43,0.6855,12.36,0.0,53.12,0.0,-604.16
52.71,59.14,41.02,42.5,0.923,0.0,0.0,41.02,0.0,0.0
55.65,60.27,40.68,43.65,0.923,0.0,0.0,40.68,0.0,0.0
61.34,61.43,39.97,43.37,0.923,0.0,0.0,39.97,0.0,0.0
66.66,63.71,39.0,43.1,0.923,0.0,0.0,39.0,0.0,0.0
66.54,67.02,38.32,41.99,0.923,0.0,12.36,25.96,0.0,822.25
64.06,69.16,37.8,41.57,0.6599,0.0,12.36,25.44,0.0,791.91
55.77,68.01,35.06,40.49,0.3967,0.0,12.36,22.7,0.0,689.17
46.22,65.32,31.88,38.17,0.1336,0.0,6.27,25.61,0.0,290.03
51.14,50.24,29.8,31.22,0.5,0.0,0.0,29.8,0.0,0.0
50.04,52.95,28.15,29.5,0.5,0.0,11.12,17.03,0.0,556.55
43.55,55.06,26.75,28.28,0.2632,0.0,12.36,14.39,0.0,538.36
39.94,46.18,26.13,27.09,0.0,0.0,0.0,26.13,0.0,0.0
39.31,42.32,25.89,26.36,0.0,12.36,0.0,38.25,0.0,-485.87
43.38,41.19,25.62,25.96,0.2375,12.36,0.0,37.98,0.0,-536.18
39.04,42.14,26.83,26.04,0.475,12.36,0.0,39.19,0.0,-482.53
41.16,43.49,29.74,27.39,0.7125,12.36,0.0,42.1,0.0,-508.74
43.72,46.16,32.33,29.85,0.95,2.6,0.0,34.93,0.0,-113.76
49.82,50.27,33.66,31.31,1.0,0.0,0.0,33.66,0.0,0.0
44.85,54.12,33.93,31.38,1.0,0.0,12.36,21.57,0.0,554.43
41.46,53.78,33.55,29.65,0.7368,0.0,12.36,21.19,0.0,512.33
36.79,51.98,32.52,27.38,0.4737,0.0,0.0,32.52,0.0,0.0
33.02,48.55,31.51,26.59,0.4737,0.0,0.0,31.51,0.0,0.0
32.96,44.37,31.24,25.82,0.4737,12.36,0.0,43.6,0.0,-407.39
34.55,43.57,31.26,25.57,0.7112,12.36,0.0,43.62,0.0,-427.04
38.57,47.94,31.84,26.12,0.9487,2.67,0.0,34.51,0.0,-102.97
41.64,52.75,32.65,26.75,1.0,0.0,0.0,32.65,0.0,0.0
44.16,55.88,33.47,27.47,1.0,0.0,0.0,33.47,0.0,0.0
52.1,58.19,34.36,28.62,1.0,0.0,0.0,34.36,0.0,0.0
51.59,61.97,34.23,33.98,1.0,0.0,9.89,24.34,0.0,510.06
53.04,65.99,34.14,34.98,0.7895,0.0,12.36,21.78,0.0,655.68
46.7,67.97,32.35,35.03,0.5263,0.0,12.36,19.99,0.0,577.09
41.9,66.27,29.78,34.82,0.2632,0.0,12.36,17.42,0.0,517.97
45.17,59.48,27.69,30.39,0.5,0.0,12.36,18.03,0.0,436.34
40.38,56.88,26.07,28.42,0.2368,0.0,0.0,28.42,0.0,-94.89
34.63,58.26,24.8,26.81,0.2368,0.0,11.12,15.69,0.0,315.62
33.88,54.19,24.14,25.83,-0.0,0.0,0.0,25.83,0.0,-57.26
34.19,52.33,23.77,25.16,0.0,0.0,0.0,25.16,0.0,-47.52
32.46,50.45,23.24,24.07,-0.0,0.0,0.0,24.07,0.0,-26.94
31.21,49.05,23.25,24.02,-0.0,12.36,0.0,36.38,0.0,-409.79
31.67,48.17,24.4,25.7,0.2375,12.36,0.0,38.06,0.0,-432.61
34.67,50.81,26.14,29.24,0.475,0.0,0.0,29.24,0.0,-107.48
36.97,54.81,27.28,33.05,0.475,0.0,9.95,23.1,0.0,154.53
39.09,55.71,27.77,35.26,0.2632,0.0,12.36,22.9,0.0,190.37
37.2,53.83,28.09,34.7,-0.0,0.0,0.0,34.7,0.0,-245.89
36.97,49.67,27.96,33.99,0.0,0.0,0.0,33.99,0.0,-222.93
27.0,44.41,27.08,33.51,-0.0,12.36,0.0,45.87,0.0,-507.33
25.6,38.69,26.58,32.99,0.2375,12.36,0.0,45.35,0.0,-480.51
31.55,36.0,26.72,32.96,0.475,12.36,0.0,45.32,0.0,-586.83
41.69,38.77,27.24,33.06,0.7125,12.36,0.0,45.42,0.0,-757.92
42.03,45.57,28.36,33.14,0.95,2.6,0.0,35.74,0.0,-310.27
45.72,53.66,29.5,33.04,1.0,-0.0,0.0,33.04,0.0,-161.85
50.28,60.69,30.83,33.49,1.0,0.0,-0.0,33.49,0.0,-133.74
59.81,65.96,31.64,34.4,1.0,0.0,12.36,22.04,0.0,574.18
60.71,68.88,32.25,34.87,0.7368,0.0,12.36,22.51,0.0,591.32
58.92,68.78,30.86,34.54,0.4737,0.0,12.36,22.18,0.0,511.43
49.91,63.53,28.5,33.31,0.2105,0.0,9.89,23.42,0.0,253.44
44.09,52.23,26.35,30.21,0.5,12.36,0.0,38.71,0.0,-544.95
40.98,58.39,24.99,29.94,0.7375,0.0,0.0,24.99,0.0,0.0
39.22,59.33,24.2,28.48,0.7375,0.0,0.0,24.2,0.0,0.0
37.78,54.81,23.9,27.5,0.7375,0.0,0.0,23.9,0.0,0.0
37.48,53.01,24.08,27.44,0.7375,12.36,0.0,36.44,0.0,-463.25
36.89,53.92,25.15,27.7,0.975,1.3,0.0,26.45,0.0,-48.0
43.84,56.79,29.04,28.39,1.0,0.0,0.0,29.04,0.0,0.0
49.33,62.61,34.46,31.62,1.0,0.0,0.0,34.46,0.0,0.0
55.78,68.25,39.89,36.9,1.0,0.0,12.36,27.53,0.0,689.55
52.42,69.23,41.16,41.15,0.7368,0.0,12.36,28.8,0.0,647.77
48.35,65.86,41.4,42.81,0.4737,0.0,12.36,29.04,0.0,597.7
47.39,61.79,41.48,43.25,0.2105,0.0,0.0,41.48,0.0,0.0
42.5,58.15,39.99,43.28,0.2105,0.0,0.0,39.99,0.0,0.0
42.5,54.96,40.32,42.16,0.2105,12.36,0.0,52.68,0.0,-525.3
45.64,55.53,41.46,40.71,0.448,12.36,0.0,53.82,0.0,-564.11
47.71,57.61,41.98,41.29,0.6855,5.41,0.0,47.39,0.0,-258.22
51.18,59.27,42.25,41.5,0.7895,0.0,0.0,42.25,0.0,0.0
54.31,60.07,41.71,42.12,0.7895,0.0,0.0,41.71,0.0,0.0
58.04,60.5,41.02,42.65,0.7895,0.0,0.0,41.02,0.0,0.0
68.05,61.77,40.22,42.51,0.7895,0.0,0.0,40.22,0.0,0.0
66.49,64.0,39.44,41.65,0.7895,0.0,12.36,27.08,0.0,821.95
64.73,65.58,39.06,40.51,0.5263,0.0,12.36,26.7,0.0,799.89
51.73,64.48,36.15,39.65,0.2632,0.0,12.36,23.79,0.0,639.49
46.49,62.26,32.98,37.63,0.0,0.0,0.0,32.98,0.0,0.0
52.54,52.61,31.03,34.39,0.5,0.0,12.36,22.03,0.0,472.86
48.24,47.95,29.45,30.73,0.2368,0.0,11.12,19.61,0.0,474.87
46.75,43.79,28.25,30.48,0.0,0.0,0.0,30.48,0.0,-104.25
47.6,38.31,27.86,29.03,-0.0,12.36,0.0,41.39,0.0,-644.03
47.6,33.89,28.0,27.84,0.2375,12.36,0.0,40.2,0.0,-580.72
47.34,30.83,28.54,27.41,0.475,12.36,0.0,39.77,0.0,-531.63
54.15,29.03,31.3,28.05,0.7125,12.36,0.0,40.41,0.0,-493.31
56.59,40.33,36.61,31.55,0.95,2.6,0.0,34.15,0.0,139.09
66.14,50.79,41.69,37.25,1.0,0.0,-0.0,37.25,0.0,293.66
57.43,55.18,43.0,41.62,1.0,0.0,-0.0,41.62,0.0,79.25
55.32,64.83,43.22,42.81,1.0,0.0,12.36,30.45,0.0,706.44
52.65,62.13,43.19,42.94,0.7368,0.0,12.36,30.58,0.0,663.92
47.39,56.57,41.45,43.04,0.4737,0.0,0.0,43.04,0.0,-75.35
45.02,52.91,41.43,42.15,0.4737,2.67,0.0,44.82,0.0,-152.64
54.0,51.03,42.48,41.83,0.525,12.36,0.0,54.19,0.0,-632.34
55.86,52.63,43.06,43.09,0.7625,12.36,0.0,55.45,0.0,-692.11
58.97,56.07,43.39,44.2,1.0,0.0,0.0,44.2,0.0,-47.77
56.24,59.31,42.98,44.1,1.0,0.0,-0.0,44.1,0.0,-62.99
57.3,60.7,42.25,43.93,1.0,0.0,0.0,43.93,0.0,-96.26
64.76,62.82,41.27,42.74,1.0,0.0,0.0,42.74,0.0,-95.2
68.04,66.23,40.65,41.79,1.0,0.0,12.36,29.43,0.0,763.41
62.34,68.61,40.0,41.24,0.7368,0.0,12.36,28.88,0.0,693.22
55.22,67.98,37.28,40.4,0.4737,0.0,12.36,28.04,0.0,510.23
46.8,65.46,33.98,38.24,0.2105,0.0,9.89,28.35,0.0,263.39
51.2,52.26,31.66,34.42,0.5,0.0,12.36,22.06,0.0,491.52
47.79,47.26,30.1,30.84,0.2368,0.0,11.12,19.72,0.0,496.25
45.22,44.01,28.81,30.69,0.0,0.0,0.0,30.69,0.0,-85.01
44.25,38.24,28.3,29.21,-0.0,12.36,0.0,41.57,0.0,-587.2
44.02,34.49,28.29,27.78,0.2375,12.36,0.0,40.14,0.0,-521.64
44.87,31.4,28.74,27.64,0.475,12.36,0.0,40.0,0.0,-505.24
53.96,29.08,31.67,28.41,0.7125,12.36,0.0,40.77,0.0,-491.04
55.61,41.69,36.99,31.81,0.95,2.6,0.0,34.41,0.0,143.36
62.74,51.6,41.94,37.22,1.0,0.0,-0.0,37.22,0.0,296.13
61.14,55.82,43.28,41.61,1.0,0.0,-0.0,41.61,0.0,102.1
56.68,63.4,43.45,42.91,1.0,0.0,12.36,30.55,0.0,731.17
57.27,61.72,43.54,43.1,0.7368,0.0,12.36,30.74,0.0,733.06
54.89,56.76,41.9,43.15,0.4737,0.0,0.0,43.15,0.0,-68.61
54.78,53.38,41.84,42.49,0.4737,12.36,0.0,54.85,0.0,-712.69
56.16,52.48,43.04,41.83,0.7112,12.36,0.0,54.19,0.0,-626.18
57.3,54.07,43.5,42.86,0.9487,2.67,0.0,45.53,0.0,-116.35
65.71,57.2,43.8,43.85,1.0,0.0,0.0,43.85,0.0,-3.29
70.35,60.39,43.21,43.82,1.0,0.0,-0.0,43.82,0.0,-42.91
61.61,61.72,42.45,43.68,1.0,0.0,0.0,43.68,0.0,-75.78
72.33,63.83,41.47,42.89,1.0,0.0,0.0,42.89,0.0,-102.71
64.94,66.69,40.83,42.09,1.0,0.0,12.36,29.73,0.0,720.83
62.47,69.09,40.14,41.39,0.7368,0.0,12.36,29.03,0.0,694.04
56.23,69.04,37.23,40.52,0.4737,0.0,12.36,28.16,0.0,510.01
49.76,66.22,33.98,38.14,0.2105,0.0,9.89,28.25,0.0,285.03
52.9,49.17,31.63,30.78,0.5,12.36,0.0,43.14,0.0,-608.88
54.19,57.76,30.04,30.6,0.7375,0.0,12.36,18.24,0.0,639.44
53.18,56.98,28.69,29.46,0.4743,0.0,12.36,17.1,0.0,616.36
51.07,49.94,28.16,28.33,0.2112,3.97,0.0,32.3,0.0,-211.51
50.55,46.71,28.23,27.8,0.2875,12.36,0.0,40.16,0.0,-603.06
48.94,45.79,28.64,27.8,0.525,12.36,0.0,40.16,0.0,-563.79
51.45,47.91,31.76,28.36,0.7625,12.36,0.0,40.72,0.0,-460.99
56.94,55.69,36.71,31.42,1.0,-0.0,0.0,31.42,0.0,301.21
61.85,63.09,41.65,36.55,1.0,0.0,0.0,36.55,0.0,315.43
58.93,66.29,42.91,41.07,1.0,0.0,12.36,28.71,0.0,836.81
59.43,64.64,43.26,42.98,0.7368,0.0,12.36,30.62,0.0,751.2
57.86,62.12,43.39,43.53,0.4737,0.0,0.0,43.53,0.0,-8.1
54.53,59.91,41.95,43.43,0.4737,0.0,0.0,43.43,0.0,-80.7
54.02,56.52,41.93,42.81,0.4737,12.36,0.0,55.17,0.0,-715.22
55.75,55.86,43.0,41.7,0.7112,12.36,0.0,54.06,0.0,-616.6
57.71,57.73,43.46,41.73,0.9487,0.0,0.0,41.73,0.0,99.84
59.48,59.45,43.73,41.75,0.9487,0.0,0.0,41.75,0.0,117.77
60.59,60.46,43.27,42.73,0.9487,0.0,0.0,42.73,0.0,32.72
59.26,61.21,42.54,42.96,0.9487,0.0,0.0,42.96,0.0,-24.89
67.6,62.81,41.49,42.9,0.9487,0.0,0.0,42.9,0.0,-95.32
68.71,65.57,40.96,42.05,0.9487,0.0,12.36,29.69,0.0,774.36
62.16,67.55,40.26,41.13,0.6855,0.0,12.36,28.77,0.0,714.22
55.56,66.38,37.58,40.16,0.4224,0.0,12.36,27.8,0.0,543.38
49.37,63.63,34.34,37.95,0.1592,0.0,7.48,30.47,0.0,190.95
43.78,49.53,31.31,29.9,0.5,0.0,0.0,31.31,0.0,0.0
43.37,55.51,29.86,28.43,0.5,0.0,12.36,17.5,0.0,536.14
42.11,51.34,28.64,27.71,0.2368,0.0,0.0,28.64,0.0,0.0
40.99,46.93,28.06,26.5,0.2368,12.36,0.0,40.42,0.0,-506.64
43.14,44.73,28.3,26.29,0.4743,12.36,0.0,40.66,0.0,-533.21
43.19,45.25,28.76,26.74,0.7118,12.36,0.0,41.12,0.0,-533.83
47.04,48.41,31.79,27.59,0.9493,2.64,0.0,34.43,0.0,-124.12
51.91,55.99,36.67,31.08,1.0,0.0,0.0,36.67,0.0,0.0
57.43,62.02,41.64,36.76,1.0,0.0,0.0,41.64,0.0,0.0
56.53,64.2,42.86,41.25,1.0,0.0,12.36,30.5,0.0,698.82
56.39,63.52,43.06,42.73,0.7368,0.0,9.95,33.11,0.0,560.96
55.8,60.26,43.26,43.22,0.525,0.0,0.0,43.26,0.0,0.0
50.07,57.82,41.72,43.21,0.525,0.0,0.0,41.72,0.0,0.0
49.5,56.32,41.57,42.56,0.525,12.36,0.0,53.93,0.0,-611.82
52.9,56.74,42.26,42.29,0.7625,12.36,0.0,54.62,0.0,-653.84
54.83,58.21,42.65,43.37,1.0,0.0,0.0,42.65,0.0,0.0
55.23,59.71,42.81,44.05,1.0,0.0,0.0,42.81,0.0,0.0
55.96,60.88,42.32,43.86,1.0,0.0,0.0,42.32,0.0,0.0
55.14,62.18,41.76,43.78,1.0,0.0,0.0,41.76,0.0,0.0
55.05,64.23,40.56,43.17,1.0,0.0,0.0,40.56,0.0,0.0
58.94,68.19,39.84,41.94,1.0,0.0,12.36,27.48,0.0,728.61
58.82,70.52,38.75,41.71,0.7368,0.0,12.36,26.39,0.0,726.86
52.77,68.29,36.44,40.9,0.4737,0.0,12.36,24.08,0.0,652.34
47.72,64.81,33.52,38.42,0.2105,0.0,9.89,23.63,0.0,471.8
50.61,50.54,30.87,30.24,0.5,0.0,0.0,30.87,0.0,0.0
52.06,56.72,29.35,28.91,0.5,0.0,12.36,16.99,0.0,643.56
50.76,51.89,27.99,27.12,0.2368,0.0,11.12,16.87,0.0,564.55
44.43,48.32,27.32,25.8,0.0,0.0,0.0,27.32,0.0,0.0
43.28,45.96,26.99,24.97,0.0,2.6,0.0,29.59,0.0,-112.62
39.6,44.3,26.66,24.5,0.05,12.36,0.0,39.02,0.0,-489.46
39.75,41.77,27.51,24.57,0.2875,12.36,0.0,39.87,0.0,-491.31
40.53,42.28,30.21,25.7,0.525,12.36,0.0,42.57,0.0,-500.95
42.5,45.27,32.73,24.96,0.7625,12.36,0.0,45.09,0.0,-525.3
45.41,49.45,34.14,24.15,1.0,0.0,0.0,34.14,0.0,0.0
46.43,53.36,34.41,24.63,1.0,0.0,0.0,34.41,0.0,0.0
43.97,54.66,34.06,25.1,1.0,0.0,11.15,22.91,0.0,490.48
40.08,54.19,33.02,25.02,0.7625,0.0,0.0,33.02,0.0,0.0
38.78,52.23,31.93,25.05,0.7625,0.0,0.0,31.93,0.0,0.0
35.94,49.47,31.2,24.54,0.7625,0.0,0.0,31.2,0.0,0.0
38.41,49.18,31.25,24.06,0.7625,12.36,0.0,43.61,0.0,-474.75
39.01,52.18,31.76,24.39,1.0,0.0,0.0,31.76,0.0,0.0
41.92,54.75,32.58,24.75,1.0,0.0,0.0,32.58,0.0,0.0
45.83,56.76,33.44,26.29,1.0,0.0,0.0,33.44,0.0,0.0
49.84,59.29,34.13,32.56,1.0,0.0,0.0,34.13,0.0,0.0
52.8,62.85,34.0,37.75,1.0,0.0,9.89,24.11,0.0,522.02
53.33,66.6,33.66,39.12,0.7895,0.0,12.36,21.3,0.0,659.26
45.69,68.66,32.32,38.07,0.5263,0.0,12.36,19.96,0.0,564.6
43.12,64.79,29.85,35.77,0.2632,0.0,12.36,17.49,0.0,533.05
41.31,57.82,28.03,29.04,0.5,0.0,12.36,16.68,0.0,468.87
42.85,56.7,26.56,27.84,0.2368,0.0,11.12,16.72,0.0,421.82
34.49,52.88,25.18,26.01,0.0,0.0,0.0,26.01,0.0,-28.63
33.16,49.26,24.59,25.24,-0.0,-0.0,0.0,25.24,0.0,-21.55
32.53,47.24,24.34,24.91,0.0,0.0,0.0,24.91,0.0,-18.54
32.38,45.47,23.76,24.68,-0.0,0.0,0.0,24.68,0.0,-29.79
31.31,44.07,23.63,24.74,-0.0,12.36,0.0,37.1,0.0,-421.75
31.37,43.31,24.93,25.52,0.2375,12.36,0.0,37.88,0.0,-406.24
32.0,43.33,26.52,25.64,0.475,12.36,0.0,38.0,0.0,-367.36
38.8,44.93,27.71,25.75,0.7125,5.27,0.0,31.02,0.0,-128.53
39.99,49.37,28.28,27.51,0.8138,0.0,0.0,27.51,0.0,30.79
39.3,51.8,28.52,29.53,0.8138,0.0,12.36,17.17,0.0,446.05
39.66,50.32,28.55,30.44,0.5507,0.0,12.36,18.08,0.0,415.24
35.0,45.66,27.64,30.59,0.2875,0.0,0.0,30.59,0.0,-103.25
37.0,40.39,27.16,30.89,0.2875,12.36,0.0,43.25,0.0,-595.33
38.95,37.95,27.26,30.86,0.525,12.36,0.0,43.22,0.0,-621.64
39.88,40.63,27.73,31.1,0.7625,12.36,0.0,43.46,0.0,-627.31
40.36,47.0,28.55,31.7,1.0,0.0,0.0,31.7,0.0,-127.13
43.71,53.58,29.93,32.34,1.0,-0.0,0.0,32.34,0.0,-105.34
48.12,58.6,31.23,32.89,1.0,0.0,0.0,32.89,0.0,-79.88
60.02,62.83,32.04,34.13,1.0,0.0,12.36,21.77,0.0,616.41
62.15,65.09,32.55,34.86,0.7368,0.0,12.36,22.5,0.0,624.61
59.65,65.77,31.45,34.81,0.4737,0.0,12.36,22.45,0.0,536.85
49.31,62.11,29.08,33.71,0.2105,0.0,9.89,23.82,0.0,259.27
45.31,55.67,27.37,30.61,0.5,0.0,9.98,17.39,0.0,452.23
38.58,55.67,26.07,29.82,0.2875,0.0,0.0,26.07,0.0,0.0
33.31,51.57,25.0,26.81,0.2875,0.0,0.0,25.0,0.0,0.0
32.97,49.55,24.6,25.93,0.2875,12.36,0.0,36.96,0.0,-407.51
32.95,48.87,24.95,26.27,0.525,12.36,0.0,37.31,0.0,-407.26
37.81,49.63,26.03,27.08,0.7625,12.36,0.0,38.39,0.0,-467.33
45.57,51.94,30.0,28.26,1.0,0.0,0.0,30.0,0.0,0.0
54.8,56.38,35.39,30.86,1.0,0.0,0.0,35.39,0.0,0.0
54.55,59.49,40.74,35.76,1.0,0.0,0.0,40.74,0.0,0.0
54.22,61.19,42.25,40.44,1.0,0.0,0.0,42.25,0.0,0.0
51.71,61.56,42.68,42.65,1.0,0.0,0.0,42.68,0.0,0.0
52.6,60.19,42.81,43.4,1.0,0.0,0.0,42.81,0.0,0.0
45.59,58.23,41.44,43.46,1.0,0.0,0.0,41.44,0.0,0.0
45.35,56.24,41.66,43.25,1.0,0.0,0.0,41.66,0.0,0.0
48.56,56.46,42.88,43.0,1.0,0.0,0.0,42.88,0.0,0.0
50.48,57.89,43.47,42.74,1.0,0.0,0.0,43.47,0.0,0.0
52.02,59.18,43.79,43.15,1.0,0.0,0.0,43.79,0.0,0.0
52.11,60.08,43.06,43.33,1.0,0.0,0.0,43.06,0.0,0.0
54.81,61.06,42.36,43.49,1.0,0.0,0.0,42.36,0.0,0.0
58.69,62.54,41.36,43.6,1.0,0.0,0.0,41.36,0.0,0.0
56.58,64.46,40.97,42.94,1.0,0.0,12.36,28.61,0.0,699.44
56.57,65.94,40.3,42.25,0.7368,0.0,12.36,27.94,0.0,699.05
49.86,66.06,37.52,41.72,0.4737,0.0,12.36,25.16,0.0,616.37
45.31,63.73,34.24,39.53,0.2105,0.0,9.89,24.35,0.0,447.97
46.33,54.73,31.5,27.16,0.5,12.36,0.0,39.52,0.0,-371.57
45.94,56.13,29.95,31.77,0.7375,0.0,0.0,31.77,0.0,-83.61
42.14,61.17,28.65,29.81,0.7375,0.0,0.0,29.81,0.0,-48.88
40.68,55.85,28.2,28.93,0.7375,1.3,0.0,30.23,0.0,-82.62
40.42,55.74,28.12,28.25,0.7625,12.36,0.0,40.61,0.0,-504.85
41.39,56.06,28.73,28.47,1.0,0.0,0.0,28.47,0.0,10.76
44.59,57.8,31.81,29.25,1.0,0.0,0.0,29.25,0.0,114.15
46.78,60.72,36.9,32.67,1.0,0.0,0.0,32.67,0.0,197.88
50.87,61.94,42.05,37.9,1.0,0.0,0.0,37.9,0.0,211.11
47.51,61.75,43.64,42.18,1.0,0.0,0.0,42.18,0.0,69.36
47.7,62.54,44.08,43.62,1.0,0.0,12.36,31.26,0.0,611.51
44.41,61.67,44.17,43.55,0.7368,0.0,0.0,43.55,0.0,27.53
42.1,58.56,42.68,43.12,0.7368,0.0,0.0,43.12,0.0,-18.52
44.0,56.4,42.86,43.13,0.7368,1.34,0.0,44.47,0.0,-70.63
47.83,56.18,43.87,42.83,0.7625,12.36,0.0,55.19,0.0,-541.44
48.98,57.92,44.47,43.08,1.0,0.0,0.0,43.08,0.0,68.08
52.2,59.51,44.72,43.6,1.0,0.0,0.0,43.6,0.0,58.46
53.54,60.77,44.17,43.84,1.0,0.0,0.0,43.84,0.0,17.67
57.29,62.2,43.4,41.85,1.0,0.0,0.0,41.85,0.0,88.8
60.72,64.12,42.29,43.85,1.0,0.0,9.89,33.96,0.0,505.68
63.0,66.25,41.37,41.97,0.7895,0.0,12.36,29.61,0.0,740.88
62.11,67.79,40.73,42.01,0.5263,0.0,12.36,29.65,0.0,688.18
53.23,66.89,38.03,41.5,0.2632,0.0,12.36,29.14,0.0,473.21
45.62,63.8,34.75,38.88,-0.0,0.0,0.0,38.88,0.0,-188.41
49.88,50.96,32.71,28.93,0.5,0.0,12.36,16.57,0.0,805.06
51.31,48.05,30.95,31.12,0.2368,0.0,0.0,31.12,0.0,-8.72
45.6,48.71,29.63,30.87,0.2368,0.0,8.78,22.09,0.0,343.62
45.0,40.13,29.25,29.17,0.05,12.36,0.0,41.53,0.0,-552.6
44.42,34.71,29.18,28.24,0.2875,12.36,0.0,40.6,0.0,-507.28
45.12,35.06,29.64,28.89,0.525,12.36,0.0,41.25,0.0,-523.84
50.0,42.59,32.75,29.46,0.7625,12.36,0.0,41.82,0.0,-453.5
56.1,53.49,37.86,32.8,1.0,-0.0,0.0,32.8,0.0,283.87
69.66,61.28,43.27,37.97,1.0,0.0,0.0,37.97,0.0,369.2
62.94,66.96,44.92,42.13,1.0,0.0,12.36,29.77,0.0,953.54
56.76,69.2,45.33,43.43,0.7368,0.0,12.36,31.07,0.0,809.4
57.19,66.03,45.64,43.45,0.4737,0.0,8.74,34.71,0.0,625.36
54.25,60.98,44.25,43.31,0.2875,0.0,0.0,43.31,0.0,50.99
54.9,57.19,44.61,43.23,0.2875,12.36,0.0,55.59,0.0,-602.8
59.14,56.31,45.55,43.22,0.525,12.36,0.0,55.58,0.0,-593.17
59.0,58.15,46.15,43.58,0.7625,12.36,0.0,55.94,0.0,-577.61
65.39,60.42,46.46,43.61,1.0,-0.0,0.0,43.61,0.0,186.36
68.0,62.46,45.88,42.88,1.0,0.0,0.0,42.88,0.0,204.0
72.4,64.71,45.02,41.0,1.0,0.0,0.0,41.0,0.0,291.05
73.55,67.5,43.89,40.83,1.0,0.0,9.89,30.94,0.0,952.33
74.6,69.75,42.72,38.14,0.7895,0.0,12.36,25.78,0.0,1263.72
75.2,70.57,42.03,38.06,0.5263,0.0,12.36,25.7,0.0,1228.02
60.31,69.89,39.09,38.35,0.2632,0.0,12.36,25.99,0.0,790.06
52.03,67.43,35.55,37.07,-0.0,0.0,0.0,37.07,0.0,-79.09
59.29,50.6,33.97,30.13,0.5,12.36,0.0,42.49,0.0,-505.15
57.69,61.67,32.01,31.18,0.7375,0.0,12.36,18.82,0.0,760.93
53.68,55.97,30.77,30.35,0.4743,0.0,0.0,30.35,0.0,22.55
50.69,52.59,30.23,29.66,0.4743,2.64,0.0,32.3,0.0,-104.74
49.0,51.57,30.03,29.47,0.525,12.36,0.0,41.83,0.0,-578.2
49.43,52.14,30.34,29.69,0.7625,12.36,0.0,42.05,0.0,-578.83
70.69,54.76,33.48,30.23,1.0,0.0,0.0,30.23,0.0,229.74
58.0,61.21,38.57,33.39,1.0,0.0,0.0,33.39,0.0,300.44
71.08,67.15,43.88,38.14,1.0,0.0,0.0,38.14,0.0,408.0
71.91,70.14,45.77,41.9,1.0,0.0,12.36,29.54,0.0,1167.1
71.91,67.47,46.4,43.53,0.7368,0.0,9.95,33.58,0.0,921.87
65.08,64.05,46.89,43.65,0.525,0.0,0.0,43.65,0.0,210.86
62.08,61.02,45.62,43.16,0.525,0.0,0.0,43.16,0.0,152.72
62.08,58.73,45.94,42.56,0.525,12.36,0.0,54.92,0.0,-557.48
71.91,59.33,47.0,39.07,0.7625,12.36,0.0,51.43,0.0,-318.56
67.08,61.23,47.52,41.7,1.0,0.0,0.0,41.7,0.0,390.41
72.09,63.2,47.78,42.21,1.0,0.0,0.0,42.21,0.0,401.54
72.39,64.98,47.12,40.93,1.0,0.0,0.0,40.93,0.0,448.09
72.67,66.81,46.5,37.14,1.0,0.0,0.0,37.14,0.0,680.19
76.84,68.57,45.08,35.99,1.0,0.0,9.89,26.1,0.0,1458.27
74.89,69.84,44.21,35.86,0.7895,0.0,12.36,23.5,0.0,1550.97
74.58,70.04,43.63,36.13,0.5263,0.0,12.36,23.77,0.0,1481.16
72.98,68.59,40.64,36.1,0.2632,0.0,12.36,23.74,0.0,1233.36
62.0,65.56,37.13,35.4,-0.0,0.0,0.0,35.4,0.0,107.26
53.27,49.51,34.33,30.21,0.5,12.36,0.0,42.57,0.0,-438.94
52.97,60.34,32.34,31.31,0.7375,0.0,12.36,18.95,0.0,709.27
49.77,56.06,30.96,30.58,0.4743,0.0,0.0,30.58,0.0,18.91
46.9,52.71,30.38,29.81,0.4743,12.36,0.0,42.17,0.0,-552.95
46.11,52.74,30.18,29.52,0.7118,12.36,0.0,41.88,0.0,-539.49
45.0,54.22,30.45,29.69,0.9493,2.64,0.0,32.33,0.0,-84.44
49.05,56.69,33.59,30.23,1.0,-0.0,0.0,30.23,0.0,164.81
57.2,62.2,38.54,33.46,1.0,0.0,0.0,33.46,0.0,290.58
59.88,67.82,43.92,38.31,1.0,0.0,0.0,38.31,0.0,335.93
62.16,70.74,45.69,41.98,1.0,0.0,12.36,29.62,0.0,998.91
68.0,68.14,46.14,43.52,0.7368,0.0,9.95,33.57,0.0,854.75
57.49,64.65,46.51,43.63,0.525,0.0,0.0,43.63,0.0,165.57
54.42,61.99,45.26,43.19,0.525,0.0,0.0,43.19,0.0,112.65
53.42,60.36,45.42,42.51,0.525,12.36,0.0,54.87,0.0,-504.82
56.82,60.76,46.25,37.33,0.7625,12.36,0.0,49.69,0.0,-195.46
56.82,62.37,46.61,38.13,1.0,0.0,0.0,38.13,0.0,481.83
59.42,64.23,46.7,40.13,1.0,0.0,0.0,40.13,0.0,390.39
58.8,66.16,46.23,37.47,1.0,0.0,0.0,37.47,0.0,515.09
57.22,68.26,45.53,36.75,1.0,0.0,-0.0,36.75,0.0,502.39
61.93,70.39,44.34,36.36,1.0,0.0,12.36,24.0,0.0,1259.66
62.78,71.78,43.11,36.52,0.7368,0.0,12.36,24.16,0.0,1189.68
57.09,71.47,42.48,37.29,0.4737,0.0,12.36,24.93,0.0,1001.93
52.23,69.54,39.69,37.64,0.2105,0.0,9.89,27.75,0.0,623.52
46.45,65.77,36.3,36.62,0.0,0.0,-0.0,36.62,0.0,-14.86
54.28,50.0,33.6,31.17,0.5,1.37,0.0,34.97,0.0,-74.29
53.05,58.19,31.75,30.88,0.5263,0.0,12.36,19.39,0.0,655.55
45.87,61.25,30.32,29.72,0.2632,0.0,12.36,17.96,0.0,567.04
43.99,54.91,29.61,28.77,0.0,0.0,0.0,29.61,0.0,0.0
43.33,52.58,29.15,27.88,0.0,0.0,0.0,29.15,0.0,0.0
42.62,51.1,28.68,27.29,0.0,0.0,0.0,28.68,0.0,0.0
45.0,49.7,29.64,27.14,0.0,0.0,0.0,29.64,0.0,0.0
49.14,48.35,32.32,28.31,0.0,0.0,0.0,32.32,0.0,0.0
54.28,49.65,35.0,30.75,0.0,0.0,0.0,35.0,0.0,0.0
54.29,52.24,36.51,32.99,0.0,0.0,0.0,36.51,0.0,0.0
51.74,53.12,36.93,34.31,0.0,0.0,0.0,36.93,0.0,0.0
44.0,51.18,36.76,34.89,0.0,0.0,0.0,36.76,0.0,0.0
41.07,47.19,35.97,34.37,0.0,0.0,0.0,35.97,0.0,0.0
37.91,42.78,34.98,32.8,0.0,12.36,0.0,47.34,0.0,-468.57
37.01,38.51,34.52,32.05,0.2375,12.36,0.0,46.88,0.0,-457.44
40.0,36.4,34.62,31.7,0.475,12.36,0.0,46.98,0.0,-494.4
41.17,38.76,35.16,32.25,0.7125,12.36,0.0,47.52,0.0,-508.86
47.04,46.08,36.0,32.97,0.95,2.6,0.0,38.6,0.0,-122.4
55.48,54.85,36.92,37.51,1.0,0.0,0.0,36.92,0.0,0.0
54.52,62.09,37.42,38.67,1.0,0.0,0.0,37.42,0.0,0.0
60.19,66.69,36.97,39.24,1.0,0.0,12.36,24.61,0.0,744.07
58.94,69.32,36.72,38.82,0.7368,0.0,12.36,24.36,0.0,728.34
52.52,68.75,34.96,37.4,0.4737,0.0,12.36,22.6,0.0,649.25
47.86,64.69,32.39,35.37,0.2105,0.0,9.89,22.5,0.0,473.18
48.49,52.66,30.02,30.73,0.5,0.0,0.0,30.73,0.0,-34.43
45.66,56.35,28.26,29.05,0.5,0.0,11.12,17.93,0.0,471.85
41.09,59.85,27.02,25.75,0.2632,0.0,12.36,13.39,0.0,560.06
39.14,54.99,26.3,24.8,-0.0,0.0,0.0,24.8,0.0,58.71
37.62,52.85,25.81,24.84,0.0,0.0,0.0,24.84,0.0,36.49
34.66,52.61,25.09,24.98,-0.0,0.0,0.0,24.98,0.0,3.81
34.84,52.33,25.06,24.75,-0.0,0.0,0.0,24.75,0.0,10.8
36.49,52.45,26.19,25.65,-0.0,0.0,0.0,25.65,0.0,19.7
38.39,53.9,27.86,26.28,-0.0,0.0,0.0,26.28,0.0,60.66
43.1,54.36,29.04,29.44,-0.0,0.0,0.0,29.44,0.0,-17.24
42.32,54.39,29.84,32.15,-0.0,0.0,-0.0,32.15,0.0,-97.76
41.23,52.1,30.36,32.9,-0.0,0.0,0.0,32.9,0.0,-104.72
39.7,49.09,30.52,32.8,0.0,0.0,0.0,32.8,0.0,-90.52
38.07,44.84,29.71,32.66,-0.0,12.36,0.0,45.02,0.0,-582.85
38.37,40.72,29.42,32.35,0.2375,12.36,0.0,44.71,0.0,-586.68
38.65,39.29,29.54,32.12,0.475,12.36,0.0,44.48,0.0,-577.43
41.0,42.15,29.93,32.72,0.7125,12.36,0.0,45.08,0.0,-621.15
47.15,48.19,31.0,33.17,0.95,2.6,0.0,35.77,0.0,-225.0
51.13,55.74,32.26,33.88,1.0,-0.0,0.0,33.88,0.0,-82.83
52.99,62.77,33.34,34.99,1.0,0.0,-0.0,34.99,0.0,-87.43
62.93,67.08,34.13,36.99,1.0,0.0,12.36,24.63,0.0,597.84
66.36,69.35,34.77,36.77,0.7368,0.0,12.36,24.41,0.0,687.49
62.22,68.81,33.46,36.43,0.4737,0.0,12.36,24.07,0.0,584.25
50.7,64.69,30.92,35.07,0.2105,0.0,9.89,25.18,0.0,290.92
61.6,66.82,23.43,29.01,0.5,0.0,12.36,11.07,0.0,761.5
56.75,46.1,21.99,27.86,0.2368,0.0,0.0,21.99,0.0,0.0
50.32,41.71,21.29,27.03,0.2368,12.36,0.0,33.65,0.0,-621.96
50.0,40.12,21.14,26.71,0.4743,12.36,0.0,33.5,0.0,-618.0
50.0,40.25,21.64,26.92,0.7118,12.36,0.0,34.0,0.0,-618.0
56.75,43.52,23.79,27.88,0.9493,2.64,0.0,26.43,0.0,-149.74
68.2,50.8,29.46,28.71,1.0,0.0,0.0,29.46,0.0,0.0
68.86,58.1,35.87,32.67,1.0,0.0,0.0,35.87,0.0,0.0
77.05,72.08,40.8,37.24,1.0,0.0,9.89,30.91,0.0,761.78
74.43,84.15,42.45,41.69,0.7895,0.0,12.36,30.09,0.0,920.1
69.69,84.02,42.26,42.62,0.5263,0.0,12.36,29.9,0.0,861.18
68.43,75.32,42.01,42.27,0.2632,0.0,12.36,29.65,0.0,845.93
66.84,60.7,40.12,42.1,0.0,2.6,0.0,42.72,0.0,-173.92
66.06,51.87,39.95,41.49,0.05,12.36,0.0,52.31,0.0,-816.5
69.58,49.9,41.48,40.65,0.2875,12.36,0.0,53.84,0.0,-860.01
75.69,50.8,42.45,40.73,0.525,12.36,0.0,54.81,0.0,-935.53
80.25,54.98,43.71,41.67,0.7625,12.36,0.0,56.07,0.0,-991.89
86.49,63.48,45.64,43.32,1.0,0.0,0.0,45.64,0.0,0.0
81.97,76.67,44.98,45.27,1.0,0.0,9.89,35.09,0.0,810.42
82.52,86.44,43.74,45.57,0.7895,0.0,12.36,31.38,0.0,1020.11
81.68,83.1,41.34,44.45,0.5263,0.0,12.36,28.98,0.0,1009.34
74.19,79.01,38.17,42.06,0.2632,0.0,12.36,25.81,0.0,917.14
67.53,74.27,34.13,40.06,0.0,0.0,0.0,34.13,0.0,0.0
63.52,69.73,30.57,37.17,0.0,0.0,0.0,30.57,0.0,0.0
57.06,64.33,28.28,31.48,0.5,0.0,12.36,15.92,0.0,705.37
56.05,50.91,26.73,27.74,0.2368,0.0,8.77,17.96,0.0,491.76
54.34,46.85,25.87,26.38,0.05,0.0,0.0,25.87,0.0,0.0
54.14,44.65,25.69,26.22,0.05,12.36,0.0,38.05,0.0,-669.17
54.66,43.17,26.03,26.55,0.2875,12.36,0.0,38.39,0.0,-675.6
56.96,42.18,27.46,27.87,0.525,12.36,0.0,39.82,0.0,-704.03
66.9,43.18,32.59,29.34,0.7625,12.36,0.0,44.95,0.0,-826.88
68.31,48.14,38.75,32.89,1.0,0.0,0.0,38.75,0.0,0.0
76.14,53.6,43.09,39.77,1.0,0.0,8.75,34.34,0.0,665.88
69.19,56.92,43.85,43.93,0.8138,0.0,12.36,31.49,0.0,855.0
63.64,54.95,43.13,43.3,0.5507,0.0,12.36,30.77,0.0,786.72
60.42,51.58,42.34,42.58,0.2875,0.0,0.0,42.34,0.0,0.0
56.69,49.11,39.84,41.83,0.2875,0.0,0.0,39.84,0.0,0.0
56.66,47.0,39.42,39.88,0.2875,12.36,0.0,51.78,0.0,-700.32
60.1,46.04,40.88,38.64,0.525,12.36,0.0,53.24,0.0,-742.84
62.47,47.63,41.76,39.14,0.7625,12.36,0.0,54.12,0.0,-772.13
71.63,51.95,42.91,40.43,1.0,0.0,0.0,42.91,0.0,0.0
81.06,58.36,44.56,42.0,1.0,0.0,9.89,34.67,0.0,801.42
85.01,66.64,46.03,43.97,0.7895,0.0,12.36,33.67,0.0,1050.89
81.96,68.42,44.55,45.1,0.5263,0.0,12.36,32.19,0.0,1012.8
72.62,62.69,41.51,43.89,0.2632,0.0,12.36,29.15,0.0,897.73
68.56,58.18,38.07,40.84,0.0,0.0,0.0,38.07,0.0,0.0
62.52,55.61,34.07,38.47,0.0,0.0,0.0,34.07,0.0,0.0
58.89,52.26,30.62,34.69,0.0,0.0,0.0,30.62,0.0,0.0
48.77,45.69,27.4,29.14,0.5,0.0,0.0,27.4,0.0,0.0
45.6,43.37,25.88,25.25,0.5,0.0,0.0,25.88,0.0,0.0
44.46,42.41,25.1,25.0,0.5,0.0,0.0,25.1,0.0,0.0
42.24,41.47,24.97,24.53,0.5,12.36,0.0,37.33,0.0,-522.09
42.26,41.46,25.22,24.39,0.7375,12.36,0.0,37.58,0.0,-522.33
46.1,42.12,26.53,25.22,0.975,1.3,0.0,27.83,0.0,-59.98
55.56,44.65,31.57,26.31,1.0,0.0,0.0,31.57,0.0,0.0
57.43,49.58,36.37,28.21,1.0,0.0,0.0,36.37,0.0,0.0
66.18,55.81,40.54,33.38,1.0,0.0,12.36,28.18,0.0,818.12
63.08,62.08,41.04,36.36,0.7368,0.0,12.36,28.68,0.0,779.5
59.58,56.84,40.36,34.99,0.4737,0.0,12.36,28.0,0.0,736.53
57.17,51.29,39.93,33.67,0.2105,0.0,0.0,39.93,0.0,0.0
44.51,48.2,37.69,35.81,0.2105,4.01,0.0,41.7,0.0,-178.36
41.35,45.37,37.25,36.09,0.2875,12.36,0.0,49.61,0.0,-511.09
48.39,45.05,38.76,35.35,0.525,12.36,0.0,51.12,0.0,-598.1
60.1,47.21,39.43,35.86,0.7625,12.36,0.0,51.79,0.0,-742.84
63.44,50.01,39.99,37.09,1.0,0.0,0.0,39.99,0.0,0.0
65.29,52.01,40.04,38.58,1.0,0.0,0.0,40.04,0.0,0.0
68.26,55.36,41.92,40.42,1.0,0.0,9.89,32.03,0.0,674.87
68.54,66.34,41.51,42.22,0.7895,0.0,12.36,29.15,0.0,847.29
59.55,67.36,39.69,42.05,0.5263,0.0,12.36,27.33,0.0,735.88
55.65,56.27,36.53,39.2,0.2632,0.0,12.36,24.17,0.0,687.94
50.71,52.95,32.71,36.36,0.0,0.0,0.0,32.71,0.0,0.0
47.08,50.97,29.37,32.61,0.0,0.0,0.0,29.37,0.0,0.0
51.15,50.06,24.89,28.5,0.5,0.0,9.98,14.91,0.0,510.51
48.78,46.48,23.16,25.93,0.2875,0.0,0.0,23.16,0.0,0.0
48.35,43.67,22.07,24.76,0.2875,12.36,0.0,34.43,0.0,-597.61
45.83,42.22,21.59,24.2,0.525,12.36,0.0,33.95,0.0,-566.46
45.84,42.31,21.4,23.98,0.7625,12.36,0.0,33.76,0.0,-566.58
45.83,45.53,21.66,24.93,1.0,0.0,0.0,21.66,0.0,0.0
48.41,50.55,22.64,26.74,1.0,0.0,0.0,22.64,0.0,0.0
48.78,56.88,23.13,29.64,1.0,0.0,9.89,13.24,0.0,482.28
52.99,69.11,24.87,34.47,0.7895,0.0,12.36,12.51,0.0,655.06
58.44,68.12,26.14,39.22,0.5263,0.0,12.36,13.78,0.0,722.16
59.94,59.83,26.6,41.52,0.2632,0.0,12.36,14.24,0.0,740.98
59.62,55.42,26.69,41.69,0.0,0.0,0.0,26.69,0.0,0.0
58.43,52.89,26.07,40.67,0.0,0.0,0.0,26.07,0.0,0.0
53.18,49.27,24.66,38.46,0.0,12.36,0.0,37.02,0.0,-657.3
51.51,47.38,24.5,38.3,0.2375,12.36,0.0,36.86,0.0,-636.66
52.34,48.21,24.43,38.58,0.475,12.36,0.0,36.79,0.0,-646.92
52.1,49.61,24.57,38.94,0.7125,12.36,0.0,36.93,0.0,-643.96
56.2,51.4,25.59,39.46,0.95,0.0,0.0,25.59,0.0,0.0
53.92,53.39,27.17,39.7,0.95,0.0,0.0,27.17,0.0,0.0
59.4,55.2,29.65,40.07,0.95,0.0,7.54,22.11,0.0,447.78
66.89,61.75,31.86,41.75,0.7895,0.0,12.36,19.5,0.0,826.89
59.12,70.69,30.48,43.02,0.5263,0.0,12.36,18.12,0.0,730.56
50.61,60.36,28.03,41.03,0.2632,0.0,12.36,15.67,0.0,625.64
46.04,54.5,25.41,37.94,0.0,0.0,0.0,25.41,0.0,0.0
51.0,51.75,27.27,34.96,0.5,0.0,12.36,22.6,0.0,238.17
49.52,51.52,25.76,31.56,0.2368,0.0,8.78,22.78,0.0,147.35
47.9,47.85,24.85,28.36,0.05,0.0,0.0,28.36,0.0,-168.13
48.0,43.11,24.66,26.22,0.05,12.36,0.0,38.58,0.0,-668.16
49.6,41.06,24.92,25.3,0.2875,12.36,0.0,37.66,0.0,-631.9
52.43,40.42,26.25,24.79,0.525,12.36,0.0,37.15,0.0,-571.49
56.62,42.65,29.44,24.65,0.7625,12.36,0.0,37.01,0.0,-428.61
63.75,47.47,34.92,26.67,1.0,0.0,0.0,26.67,0.0,525.94
67.13,52.43,39.23,29.47,1.0,0.0,12.36,17.11,0.0,1484.92
60.21,58.89,39.75,30.2,0.7368,0.0,12.36,17.84,0.0,1319.2
55.87,60.56,39.24,31.18,0.4737,0.0,12.36,18.82,0.0,1140.87
52.84,51.64,38.61,30.36,0.2105,0.0,9.89,20.47,0.0,958.41
49.72,45.44,36.52,27.61,0.0,0.0,0.0,27.61,0.0,443.01
48.32,36.43,36.22,25.99,-0.0,12.36,0.0,38.35,0.0,-102.92
49.92,25.94,37.23,25.69,0.2375,12.36,0.0,38.05,0.0,-40.93
51.51,24.43,37.66,25.65,0.475,12.36,0.0,38.01,0.0,-18.03
56.44,32.72,38.26,25.68,0.7125,12.36,0.0,38.04,0.0,12.42
60.17,42.91,38.0,25.83,0.95,2.6,0.0,28.43,0.0,575.7
66.01,50.78,38.06,26.68,1.0,-0.0,0.0,26.68,0.0,751.19
76.32,57.04,38.3,28.1,1.0,0.0,-0.0,28.1,0.0,778.46
75.98,67.06,39.13,30.12,1.0,0.0,12.36,17.76,0.0,1623.69
74.69,77.15,37.83,32.49,0.7368,0.0,12.36,20.13,0.0,1322.01
62.87,74.92,33.76,32.7,0.4737,0.0,12.36,20.34,0.0,843.72
55.5,62.02,29.68,30.21,0.2105,0.0,9.89,20.32,0.0,519.37
48.57,50.53,29.16,27.4,0.5,0.0,12.36,15.04,0.0,685.81
52.07,43.88,27.65,24.68,0.2368,0.0,11.12,13.56,0.0,733.87
44.84,38.2,26.52,24.36,0.0,0.0,-0.0,24.36,0.0,96.85
45.06,33.93,26.25,23.75,0.0,-0.0,0.0,23.75,0.0,112.65
42.25,31.53,26.24,23.51,0.0,12.36,0.0,35.87,0.0,-406.87
45.1,29.27,26.72,23.12,0.2375,12.36,0.0,35.48,0.0,-395.08
51.44,28.51,30.01,22.99,0.475,12.36,0.0,35.35,0.0,-274.69
60.82,30.71,35.47,24.34,0.7125,12.36,0.0,36.7,0.0,-74.81
74.14,35.17,39.89,27.23,0.95,0.0,7.54,19.69,0.0,1497.6
59.82,38.5,40.69,30.08,0.7895,0.0,12.36,17.72,0.0,1374.07
52.3,38.73,40.47,32.45,0.5263,0.0,12.36,20.09,0.0,1065.87
50.34,35.86,40.2,33.51,0.2632,0.0,12.36,21.15,0.0,958.98
46.5,32.62,37.98,32.58,-0.0,0.0,0.0,32.58,0.0,251.1
46.5,27.48,37.65,31.13,0.0,2.6,0.0,33.73,0.0,182.18
47.64,18.96,38.51,30.52,0.05,12.36,0.0,42.88,0.0,-208.19
48.07,12.29,38.75,30.13,0.2875,12.36,0.0,42.49,0.0,-179.78
50.61,13.66,38.98,29.59,0.525,12.36,0.0,41.95,0.0,-150.31
50.97,23.45,38.58,29.66,0.7625,12.36,0.0,42.02,0.0,-175.34
53.34,37.11,38.59,29.84,1.0,-0.0,0.0,29.84,0.0,466.73
59.29,45.1,38.08,30.35,1.0,0.0,-0.0,30.35,0.0,458.31
62.65,54.74,37.77,31.44,1.0,0.0,9.89,21.55,0.0,1016.06
60.36,63.38,37.05,33.44,0.7895,0.0,12.36,21.08,0.0,963.95
53.32,63.35,33.91,33.55,0.5263,0.0,12.36,21.19,0.0,678.23
43.71,60.23,30.45,32.17,0.2632,0.0,12.36,19.81,0.0,465.07
54.05,52.19,30.9,30.12,0.5,12.36,0.0,42.48,0.0,-625.9
50.57,58.65,29.11,28.93,0.7375,0.0,0.0,28.93,0.0,9.1
43.7,61.2,27.81,26.3,0.7375,0.0,12.36,13.94,0.0,606.12
42.67,55.08,27.05,25.86,0.4743,0.0,0.0,25.86,0.0,50.78
41.34,52.8,26.54,25.77,0.4743,12.36,0.0,38.13,0.0,-479.13
37.33,52.31,25.91,25.94,0.7118,12.36,0.0,38.3,0.0,-462.52
37.23,54.92,25.87,26.72,0.9493,2.64,0.0,29.36,0.0,-129.8
36.93,59.12,26.94,29.42,1.0,0.0,0.0,29.42,0.0,-91.59
36.81,62.78,28.57,33.57,1.0,0.0,-0.0,33.57,0.0,-184.05
36.91,66.78,29.75,37.18,1.0,0.0,-0.0,37.18,0.0,-274.24
39.19,69.41,30.65,39.21,1.0,0.0,0.0,39.21,0.0,-335.47
38.54,69.61,31.32,39.22,1.0,0.0,-0.0,39.22,0.0,-304.47
37.71,68.31,31.46,38.22,1.0,0.0,0.0,38.22,0.0,-254.92
37.69,65.7,31.02,37.16,1.0,0.0,0.0,37.16,0.0,-231.42
35.95,64.23,30.84,36.55,1.0,0.0,0.0,36.55,0.0,-205.27
36.47,65.98,30.92,36.62,1.0,0.0,0.0,36.62,0.0,-207.88
40.47,69.25,31.45,37.6,1.0,0.0,0.0,37.6,0.0,-248.89
43.44,72.62,32.6,39.34,1.0,0.0,0.0,39.34,0.0,-292.79
43.35,76.78,33.84,40.64,1.0,0.0,0.0,40.64,0.0,-294.78
49.98,81.49,34.9,40.86,1.0,0.0,12.36,28.5,0.0,319.87
55.72,84.24,35.44,39.53,0.7368,0.0,12.36,27.17,0.0,460.8
57.96,84.24,35.85,39.49,0.4737,0.0,12.36,27.13,0.0,505.41
55.49,77.38,34.66,38.62,0.2105,0.0,9.89,28.73,0.0,328.94
44.81,70.77,32.28,35.93,-0.0,0.0,0.0,35.93,0.0,-163.56
55.57,66.91,29.71,33.05,0.5,2.64,0.0,35.69,0.0,-332.11
49.28,76.05,27.95,32.01,0.5507,0.0,12.36,19.65,0.0,409.02
43.55,72.01,26.73,30.46,0.2875,0.0,0.0,30.46,0.0,-162.44
43.07,67.55,26.17,29.29,0.2875,0.0,0.0,29.29,0.0,-134.38
43.4,65.87,26.22,29.03,0.2875,12.36,0.0,41.39,0.0,-658.38
44.6,65.61,27.13,29.48,0.525,12.36,0.0,41.84,0.0,-656.07
46.2,66.6,28.92,30.82,0.7625,12.36,0.0,43.18,0.0,-658.81
47.86,71.88,32.59,34.3,1.0,0.0,0.0,34.3,0.0,-81.84
56.37,77.28,36.67,40.32,1.0,0.0,0.0,40.32,0.0,-205.75
56.16,77.76,38.3,43.97,1.0,0.0,-0.0,43.97,0.0,-318.43
52.63,77.12,38.81,43.85,1.0,0.0,0.0,43.85,0.0,-265.26
52.5,76.26,39.25,44.33,1.0,0.0,0.0,44.33,0.0,-266.7
49.0,74.75,38.96,44.69,1.0,0.0,0.0,44.69,0.0,-280.77
48.0,72.99,38.95,43.56,1.0,0.0,0.0,43.56,0.0,-221.28
51.37,73.38,39.53,43.61,1.0,0.0,0.0,43.61,0.0,-209.59
51.37,75.31,39.72,44.65,1.0,0.0,0.0,44.65,0.0,-253.25
52.94,76.75,39.79,45.35,1.0,0.0,0.0,45.35,0.0,-294.35
58.81,77.89,39.68,45.43,1.0,0.0,0.0,45.43,0.0,-338.16
60.12,80.13,39.49,45.22,1.0,0.0,0.0,45.22,0.0,-344.49
61.12,83.84,38.9,44.55,1.0,0.0,9.89,34.66,0.0,259.03
61.18,87.48,38.9,43.18,0.7895,0.0,12.36,30.82,0.0,494.33
60.44,89.31,38.05,42.19,0.5263,0.0,12.36,29.83,0.0,496.82
54.47,86.24,34.88,40.96,0.2632,0.0,12.36,28.6,0.0,342.07
48.49,77.59,31.85,37.44,0.0,0.0,-0.0,37.44,0.0,-271.06
45.0,73.05,28.97,34.81,0.5,12.36,0.0,41.33,0.0,-556.2
43.24,73.55,27.44,29.77,0.7375,12.36,0.0,39.8,0.0,-534.45
38.58,72.22,26.27,26.04,0.975,1.3,0.0,27.57,0.0,-50.19
38.53,69.39,25.84,23.69,1.0,0.0,0.0,25.84,0.0,0.0
39.12,68.11,25.63,22.77,1.0,0.0,0.0,25.63,0.0,0.0
39.12,68.09,26.04,22.25,1.0,0.0,0.0,26.04,0.0,0.0
41.53,68.8,27.5,22.2,1.0,0.0,0.0,27.5,0.0,0.0
41.75,70.14,29.33,22.67,1.0,0.0,0.0,29.33,0.0,0.0
43.0,71.1,31.61,24.57,1.0,0.0,0.0,31.61,0.0,0.0
45.07,71.76,32.68,26.84,1.0,0.0,0.0,32.68,0.0,0.0
39.98,72.81,32.61,28.42,1.0,0.0,0.0,32.61,0.0,0.0
37.89,72.75,32.07,29.45,1.0,0.0,0.0,32.07,0.0,0.0
36.0,71.45,30.76,29.77,1.0,0.0,0.0,30.76,0.0,0.0
35.05,69.76,29.75,27.19,1.0,0.0,0.0,29.75,0.0,0.0
34.88,67.08,29.58,24.72,1.0,0.0,0.0,29.58,0.0,0.0
35.26,66.39,29.62,23.91,1.0,0.0,0.0,29.62,0.0,0.0
36.0,69.3,30.03,23.48,1.0,0.0,0.0,30.03,0.0,0.0
41.06,71.47,30.72,24.98,1.0,0.0,12.36,18.36,0.0,507.58
45.8,72.2,31.93,28.43,0.7368,0.0,12.36,19.57,0.0,566.18
51.08,72.56,33.72,33.62,0.4736,0.0,12.36,21.36,0.0,631.45
56.25,80.87,34.11,40.07,0.2104,0.0,9.88,24.23,0.0,555.87
48.71,83.84,31.87,39.45,0.0,0.0,0.0,31.87,0.0,0.0
46.37,77.98,29.63,36.31,0.0,0.0,0.0,29.63,0.0,0.0
39.35,75.62,27.24,31.76,0.0,0.0,0.0,27.24,0.0,0.0
44.79,71.38,23.21,27.9,0.5,11.71,0.0,34.92,0.0,-524.47
44.0,57.41,21.92,24.75,0.725,11.71,0.0,33.63,0.0,-515.22
42.26,53.72,21.38,24.32,0.95,2.6,0.0,23.98,0.0,-109.96
42.05,52.26,21.23,24.49,1.0,0.0,0.0,21.23,0.0,0.0
42.07,51.35,21.53,24.05,1.0,0.0,0.0,21.53,0.0,0.0
44.8,50.96,23.47,23.5,1.0,0.0,0.0,23.47,0.0,0.0
60.46,51.7,28.91,24.18,1.0,0.0,0.0,28.91,0.0,0.0
73.11,54.96,34.08,25.31,1.0,0.0,0.0,34.08,0.0,0.0
80.51,59.4,38.25,26.2,1.0,0.0,0.0,38.25,0.0,0.0
77.27,64.1,39.02,27.11,1.0,0.0,0.0,39.02,0.0,0.0
73.13,65.14,38.85,29.04,1.0,0.0,0.0,38.85,0.0,0.0
71.64,63.75,38.49,31.73,1.0,0.0,0.0,38.49,0.0,0.0
60.46,62.33,36.55,34.83,1.0,0.0,0.0,36.55,0.0,0.0
63.4,61.7,36.43,37.13,1.0,0.0,0.0,36.43,0.0,0.0
67.43,60.1,37.54,36.67,1.0,0.0,0.0,37.54,0.0,0.0
69.27,59.92,37.93,36.45,1.0,0.0,0.0,37.93,0.0,0.0
70.79,61.92,38.26,37.35,1.0,0.0,0.0,38.26,0.0,0.0
70.95,65.22,38.4,37.17,1.0,0.0,0.0,38.4,0.0,0.0
71.33,68.74,39.13,36.47,1.0,0.0,12.16,26.97,0.0,867.71
76.17,71.23,40.33,37.01,0.741,0.0,12.16,28.17,0.0,926.59
71.2,77.8,38.48,38.46,0.482,0.0,12.16,26.32,0.0,866.13
58.27,79.62,35.66,38.22,0.223,0.0,10.47,25.19,0.0,610.31
50.99,69.76,32.2,35.96,0.0,0.0,0.0,32.2,0.0,0.0
46.67,63.85,29.02,32.54,0.0,0.0,0.0,29.02,0.0,0.0
39.07,60.62,26.88,29.21,0.5,0.0,0.0,26.88,0.0,0.0
35.95,56.28,25.32,27.25,0.5,12.36,0.0,37.68,0.0,-444.34
33.4,63.42,24.51,25.77,0.7375,0.0,12.36,12.15,0.0,412.89
32.67,61.56,24.24,25.38,0.4743,0.0,0.0,24.24,0.0,0.0
32.11,58.18,24.29,25.16,0.4743,0.0,0.0,24.29,0.0,0.0
35.22,55.31,25.8,25.21,0.4743,12.36,0.0,38.16,0.0,-435.32
42.62,54.28,30.41,26.06,0.7118,12.36,0.0,42.77,0.0,-526.78
48.12,56.91,35.41,29.11,0.9493,2.64,0.0,38.05,0.0,-126.97
51.29,62.83,39.21,35.31,1.0,0.0,0.0,39.21,0.0,0.0
48.56,69.85,39.69,40.49,1.0,0.0,12.36,27.33,0.0,600.3
47.54,70.91,39.41,41.82,0.7368,0.0,12.36,27.05,0.0,587.47
46.36,67.4,39.16,40.95,0.4737,0.0,0.0,39.16,0.0,0.0
43.91,64.78,37.15,39.95,0.4737,0.0,0.0,37.15,0.0,0.0
44.57,62.28,37.14,38.33,0.4737,2.67,0.0,39.81,0.0,-118.99
45.61,59.97,38.63,38.32,0.525,12.36,0.0,50.99,0.0,-563.74
46.83,60.74,39.57,38.68,0.7625,12.36,0.0,51.93,0.0,-578.82
50.52,64.19,40.97,38.84,1.0,0.0,0.0,40.97,0.0,0.0
59.36,70.04,42.82,39.86,1.0,0.0,9.89,32.93,0.0,586.88
58.05,77.39,42.44,41.78,0.7895,0.0,12.36,30.08,0.0,717.61
57.86,77.14,41.22,42.88,0.5263,0.0,12.36,28.86,0.0,714.99
49.04,70.51,38.75,41.65,0.2632,0.0,12.36,26.39,0.0,606.23
46.9,65.24,35.77,38.86,0.0,0.0,0.0,35.77,0.0,0.0
41.09,61.99,32.36,36.18,0.0,0.0,0.0,32.36,0.0,0.0
38.99,59.67,29.13,32.75,0.0,0.0,0.0,29.13,0.0,0.0
48.47,55.74,27.84,28.74,0.5,0.0,12.36,15.48,0.0,599.19
46.36,55.58,26.03,26.05,0.2368,0.0,8.77,17.26,0.0,406.75
44.04,50.44,25.13,24.92,0.05,0.0,0.0,25.13,0.0,0.0
42.52,46.5,24.65,24.55,0.05,12.36,0.0,37.01,0.0,-525.55
43.1,44.35,24.7,24.72,0.2875,12.36,0.0,37.06,0.0,-532.72
45.0,43.16,25.37,25.68,0.525,12.36,0.0,37.73,0.0,-556.2
49.67,45.47,27.93,27.32,0.7625,12.36,0.0,40.29,0.0,-613.92
49.67,53.04,31.13,31.36,1.0,0.0,0.0,31.13,0.0,0.0
55.58,62.07,33.28,36.7,1.0,0.0,0.0,33.28,0.0,0.0
51.67,66.52,34.59,41.45,1.0,0.0,12.36,22.23,0.0,638.74
50.39,62.79,34.08,42.7,0.7368,0.0,12.36,21.72,0.0,622.68
49.71,58.62,33.2,42.25,0.4737,0.0,0.0,33.2,0.0,0.0
49.51,56.13,31.93,41.31,0.4737,2.67,0.0,34.6,0.0,-132.18
48.23,54.77,30.73,40.16,0.525,12.36,0.0,43.09,0.0,-596.12
47.27,54.62,30.66,39.49,0.7625,12.36,0.0,43.02,0.0,-584.26
52.24,56.77,31.18,40.32,1.0,0.0,0.0,31.18,0.0,0.0
54.72,61.32,32.94,41.46,1.0,0.0,0.0,32.94,0.0,0.0
61.09,67.55,35.8,42.91,1.0,0.0,9.89,25.91,0.0,603.98
62.38,72.64,36.44,44.53,0.7895,0.0,12.36,24.08,0.0,771.14
63.19,71.72,36.53,44.45,0.5263,0.0,12.36,24.17,0.0,780.86
58.13,67.83,34.63,42.47,0.2632,0.0,12.36,22.27,0.0,718.6
54.53,63.35,32.15,39.64,0.0,0.0,0.0,32.15,0.0,0.0
52.25,59.89,29.74,37.03,0.0,0.0,0.0,29.74,0.0,0.0
48.33,57.3,27.11,33.77,0.0,0.0,0.0,27.11,0.0,0.0
52.84,58.56,31.95,33.17,0.5,0.0,0.0,33.17,0.0,-64.46
54.37,66.71,30.09,30.04,0.5,0.0,12.36,17.68,0.0,674.73
48.33,63.57,28.77,27.42,0.2368,0.0,11.12,16.3,0.0,602.87
49.97,60.76,28.09,26.01,-0.0,0.0,0.0,26.01,0.0,103.94
46.04,58.73,27.8,25.6,0.0,0.0,-0.0,25.6,0.0,101.29
42.91,56.39,27.65,25.27,0.0,0.0,-0.0,25.27,0.0,102.13
43.44,54.27,28.38,24.74,-0.0,0.0,0.0,24.74,0.0,158.12
48.03,53.11,31.05,24.86,-0.0,0.0,0.0,24.86,0.0,297.31
48.69,52.85,33.49,25.84,0.0,0.0,0.0,25.84,0.0,372.48
48.13,52.42,35.11,26.98,-0.0,0.0,0.0,26.98,0.0,391.3
45.25,51.34,35.36,28.58,-0.0,0.0,0.0,28.58,0.0,306.8
42.18,49.8,35.03,29.15,-0.0,0.0,0.0,29.15,0.0,248.02
41.29,48.16,34.07,29.51,-0.0,0.0,0.0,29.51,0.0,188.28
40.0,45.61,33.15,30.05,-0.0,12.36,0.0,42.41,0.0,-370.4
39.79,41.96,32.73,30.52,0.2375,12.36,0.0,42.88,0.0,-403.87
39.91,39.48,32.72,30.6,0.475,12.36,0.0,42.96,0.0,-408.68
40.16,41.3,33.24,30.62,0.7125,12.36,0.0,42.98,0.0,-391.16
42.14,47.86,34.16,30.94,0.95,2.6,0.0,33.54,0.0,26.04
47.0,54.27,34.93,31.5,1.0,-0.0,0.0,31.5,0.0,161.21
49.88,57.35,35.46,33.2,1.0,0.0,0.0,33.2,0.0,112.73
52.9,62.25,35.07,35.83,1.0,0.0,9.89,25.94,0.0,482.87
54.67,65.31,34.71,36.31,0.7895,0.0,12.36,23.95,0.0,588.25
48.08,67.29,33.16,36.01,0.5263,0.0,12.36,23.65,0.0,457.24
43.86,67.35,30.84,34.27,0.2632,0.0,12.36,21.91,0.0,391.67
42.97,60.95,28.65,34.93,0.5,0.0,0.0,28.65,0.0,0.0
40.62,70.29,26.99,31.66,0.5,0.0,12.36,14.63,0.0,502.14
39.37,67.49,25.75,30.25,0.2368,0.0,11.12,14.63,0.0,437.87
38.49,64.82,25.08,28.79,0.0,0.0,0.0,25.08,0.0,0.0
37.17,63.24,24.77,28.18,0.0,0.0,0.0,24.77,0.0,0.0
36.98,62.54,24.45,27.85,0.0,0.0,0.0,24.45,0.0,0.0
35.21,63.23,24.18,27.75,0.0,0.0,0.0,24.18,0.0,0.0
36.87,65.27,25.42,28.99,0.0,0.0,0.0,25.42,0.0,0.0
35.49,67.01,27.04,31.28,0.0,0.0,0.0,27.04,0.0,0.0
36.92,65.93,28.32,33.11,0.0,0.0,0.0,28.32,0.0,0.0
37.0,62.43,28.93,34.23,0.0,0.0,0.0,28.93,0.0,0.0
37.16,57.89,29.36,33.66,0.0,0.0,0.0,29.36,0.0,0.0
36.43,52.69,29.31,32.25,0.0,0.0,0.0,29.31,0.0,0.0
34.04,46.77,28.51,31.96,0.0,12.36,0.0,40.87,0.0,-420.73
34.09,41.22,28.12,30.97,0.2375,12.36,0.0,40.48,0.0,-421.35
36.91,38.78,28.15,30.33,0.475,12.36,0.0,40.51,0.0,-456.21
38.2,42.19,28.66,30.3,0.7125,12.36,0.0,41.02,0.0,-472.15
40.55,50.44,29.59,30.93,0.95,2.6,0.0,32.19,0.0,-105.52
44.92,56.99,30.84,31.62,1.0,0.0,0.0,30.84,0.0,0.0
50.49,60.69,31.99,33.15,1.0,0.0,0.0,31.99,0.0,0.0
54.9,66.33,32.59,35.35,1.0,0.0,9.89,22.7,0.0,542.78
54.98,68.66,33.07,36.23,0.7895,0.0,12.36,20.71,0.0,679.66
52.22,70.47,31.67,35.83,0.5263,0.0,12.36,19.31,0.0,645.3
48.43,69.42,29.53,33.97,0.2632,0.0,12.36,17.17,0.0,598.69
49.88,59.2,27.48,32.5,0.5,0.0,0.0,27.48,0.0,0.0
45.67,64.7,26.14,31.57,0.5,0.0,9.98,16.16,0.0,455.82
44.31,62.45,25.12,30.29,0.2875,0.0,0.0,25.12,0.0,0.0
43.74,59.23,24.75,28.93,0.2875,0.0,0.0,24.75,0.0,0.0
42.48,57.76,25.16,28.1,0.2875,12.36,0.0,37.52,0.0,-525.05
43.29,56.92,26.44,28.39,0.525,12.36,0.0,38.8,0.0,-535.06
47.25,57.24,30.14,29.27,0.7625,12.36,0.0,42.5,0.0,-584.01
48.34,59.78,35.2,32.06,1.0,0.0,0.0,35.2,0.0,0.0
56.32,63.78,40.5,37.45,1.0,0.0,0.0,40.5,0.0,0.0
61.09,69.01,42.17,41.96,1.0,0.0,0.0,42.17,0.0,0.0
58.0,72.41,42.4,43.16,1.0,0.0,12.36,30.04,0.0,716.99
57.1,71.6,42.61,42.56,0.7368,0.0,12.36,30.25,0.0,705.6
52.79,68.65,41.19,41.65,0.4737,0.0,0.0,41.19,0.0,0.0
54.03,66.0,41.36,39.6,0.4737,0.0,0.0,41.36,0.0,0.0
57.26,65.26,42.4,39.7,0.4737,0.0,0.0,42.4,0.0,0.0
56.8,65.98,42.92,40.98,0.4737,0.0,0.0,42.92,0.0,0.0
59.6,67.67,43.23,41.22,0.4737,0.0,0.0,43.23,0.0,0.0
59.71,68.89,42.61,40.82,0.4737,0.0,0.0,42.61,0.0,0.0
56.4,69.39,41.81,40.23,0.4737,0.0,0.0,41.81,0.0,0.0
57.33,69.95,40.78,39.33,0.4737,0.0,0.0,40.78,0.0,0.0
57.68,70.96,40.01,38.6,0.4737,0.0,12.36,27.65,0.0,713.04
59.56,70.77,39.45,38.81,0.2105,0.0,9.89,29.56,0.0,588.86
49.42,70.04,36.77,37.93,0.0,0.0,0.0,36.77,0.0,0.0
47.55,65.36,33.86,35.07,0.0,0.0,0.0,33.86,0.0,0.0
46.78,61.47,31.0,31.4,0.5,0.0,0.0,31.0,0.0,0.0
44.89,62.52,29.44,27.58,0.5,0.0,0.0,29.44,0.0,0.0
43.53,58.62,28.37,25.57,0.5,0.0,0.0,28.37,0.0,0.0
42.66,56.58,27.95,25.12,0.5,1.3,0.0,29.25,0.0,-55.5
42.6,55.13,27.93,25.01,0.525,12.36,0.0,40.29,0.0,-526.54
42.17,54.95,28.81,25.16,0.7625,12.36,0.0,41.17,0.0,-521.22
44.0,57.45,31.84,26.32,1.0,0.0,0.0,31.84,0.0,0.0
47.12,63.38,36.6,29.76,1.0,0.0,0.0,36.6,0.0,0.0
49.74,69.75,41.64,35.47,1.0,0.0,9.95,31.69,0.0,494.8
48.44,71.2,42.93,40.87,0.7882,0.0,12.36,30.57,0.0,598.81
47.13,68.25,43.18,42.34,0.525,0.0,0.0,43.18,0.0,0.0
46.92,65.69,43.26,42.83,0.525,0.0,0.0,43.26,0.0,0.0
45.0,63.52,41.73,43.01,0.525,0.0,0.0,41.73,0.0,0.0
45.0,60.79,41.84,41.05,0.525,12.36,0.0,54.2,0.0,-556.2
45.28,61.5,42.82,41.23,0.7625,12.36,0.0,55.18,0.0,-559.66
45.44,64.54,43.18,41.89,1.0,0.0,0.0,43.18,0.0,0.0
46.7,67.55,43.57,42.39,1.0,0.0,0.0,43.57,0.0,0.0
47.23,70.44,43.04,42.67,1.0,0.0,0.0,43.04,0.0,0.0
48.81,72.67,42.43,43.09,1.0,0.0,9.89,32.54,0.0,482.57
52.81,74.58,41.47,42.74,0.7895,0.0,12.36,29.11,0.0,652.84
52.68,75.84,40.6,41.1,0.5263,0.0,12.36,28.24,0.0,650.98
52.25,74.17,40.0,40.01,0.2632,0.0,12.36,27.64,0.0,645.91
50.0,70.47,37.25,39.3,0.0,0.0,0.0,37.25,0.0,0.0
45.41,66.58,34.13,36.46,0.0,0.0,0.0,34.13,0.0,0.0
42.77,58.38,31.22,34.43,0.5,12.36,0.0,43.58,0.0,-528.64
42.06,65.45,29.47,32.33,0.7375,0.0,12.36,17.11,0.0,519.94
42.01,62.23,28.32,30.1,0.4743,0.0,0.0,28.32,0.0,0.0
42.01,60.11,27.99,29.02,0.4743,0.0,0.0,27.99,0.0,0.0
42.0,58.79,28.04,28.8,0.4743,2.64,0.0,30.68,0.0,-110.82
42.0,57.94,28.65,29.2,0.525,12.36,0.0,41.01,0.0,-519.12
44.03,58.39,31.55,29.95,0.7625,12.36,0.0,43.91,0.0,-544.21
50.42,61.78,36.3,33.16,1.0,0.0,0.0,36.3,0.0,0.0
51.74,68.63,41.22,38.11,1.0,0.0,0.0,41.22,0.0,0.0
51.05,72.66,42.68,42.22,1.0,0.0,12.36,30.32,0.0,631.08
48.85,73.07,42.93,43.65,0.7368,0.0,12.36,30.57,0.0,603.65
47.7,70.78,43.08,44.3,0.4737,0.0,0.0,43.08,0.0,0.0
45.0,67.79,41.49,44.45,0.4737,0.0,0.0,41.49,0.0,0.0
43.56,64.31,41.48,43.25,0.4737,12.36,0.0,53.84,0.0,-538.4
45.0,63.42,42.46,43.07,0.7112,12.36,0.0,54.82,0.0,-556.2
46.35,64.93,42.8,43.72,0.9487,2.67,0.0,45.47,0.0,-123.74
49.36,67.78,43.28,44.09,1.0,0.0,0.0,43.28,0.0,0.0
51.51,71.03,42.88,44.47,1.0,0.0,0.0,42.88,0.0,0.0
53.35,73.44,42.3,44.41,1.0,0.0,0.0,42.3,0.0,0.0
55.84,74.63,41.28,43.61,1.0,0.0,0.0,41.28,0.0,0.0
58.2,79.15,40.34,42.06,1.0,0.0,12.36,27.98,0.0,719.47
54.89,84.1,39.77,40.38,0.7368,0.0,12.36,27.41,0.0,678.29
53.64,82.05,37.04,39.44,0.4737,0.0,12.36,24.68,0.0,663.1
47.82,77.22,33.92,36.64,0.2105,0.0,9.89,24.03,0.0,472.79
44.45,59.09,31.36,34.95,0.5,12.36,0.0,43.72,0.0,-549.4
48.2,68.72,29.69,32.75,0.7375,0.0,12.36,17.33,0.0,595.85
46.2,65.64,28.65,30.87,0.4743,0.0,0.0,28.65,0.0,0.0
45.2,62.8,28.1,29.11,0.4743,0.0,0.0,28.1,0.0,0.0
47.0,60.77,28.14,28.77,0.4743,2.64,0.0,30.78,0.0,-124.01
46.8,59.51,28.99,28.98,0.525,12.36,0.0,41.35,0.0,-578.45
43.8,59.66,32.04,29.71,0.7625,12.36,0.0,44.4,0.0,-541.37
48.73,61.81,36.69,32.95,1.0,0.0,0.0,36.69,0.0,0.0
53.23,67.58,41.52,38.29,1.0,0.0,0.0,41.52,0.0,0.0
52.3,72.74,42.94,42.28,1.0,0.0,0.0,42.94,0.0,0.0
50.03,74.29,43.14,43.28,1.0,0.0,12.36,30.78,0.0,618.47
45.9,72.79,43.26,43.1,0.7368,0.0,9.95,33.31,0.0,456.61
43.69,69.94,41.79,43.42,0.525,0.0,0.0,41.79,0.0,0.0
43.58,66.52,41.85,42.05,0.525,0.0,0.0,41.85,0.0,0.0
45.54,64.19,42.71,42.11,0.525,12.36,0.0,55.07,0.0,-562.87
50.0,64.57,43.21,42.84,0.7625,12.36,0.0,55.57,0.0,-618.0
53.0,66.92,43.36,42.85,1.0,0.0,0.0,43.36,0.0,0.0
53.51,69.42,43.02,43.27,1.0,0.0,0.0,43.02,0.0,0.0
54.41,71.52,42.37,42.96,1.0,0.0,0.0,42.37,0.0,0.0
57.76,73.27,41.33,42.34,1.0,0.0,0.0,41.33,0.0,0.0
57.93,77.28,40.49,41.29,1.0,0.0,12.36,28.13,0.0,716.13
56.07,79.96,39.89,40.5,0.7368,0.0,12.36,27.53,0.0,692.87
53.11,80.96,37.13,39.57,0.4737,0.0,12.36,24.77,0.0,656.54
47.06,76.0,34.17,36.65,0.2105,0.0,9.89,24.28,0.0,465.27
52.83,60.4,31.98,34.78,0.5,12.36,0.0,44.34,0.0,-652.98
49.99,68.58,30.39,32.84,0.7375,0.0,12.36,18.03,0.0,617.98
49.24,65.67,29.29,30.51,0.4743,0.0,0.0,29.29,0.0,0.0
49.64,63.28,28.79,29.3,0.4743,0.0,0.0,28.79,0.0,0.0
48.76,61.57,28.73,29.08,0.4743,2.64,0.0,31.37,0.0,-128.65
49.67,60.53,29.5,29.5,0.525,12.36,0.0,41.86,0.0,-613.92
55.0,60.64,32.35,30.25,0.7625,12.36,0.0,44.71,0.0,-679.8
59.92,61.7,37.05,33.41,1.0,0.0,0.0,37.05,0.0,0.0
61.57,64.78,42.02,38.55,1.0,0.0,0.0,42.02,0.0,0.0
61.38,69.2,43.43,42.08,1.0,0.0,0.0,43.43,0.0,0.0
56.32,70.77,43.7,43.14,1.0,0.0,12.36,31.34,0.0,696.23
56.57,69.5,43.76,43.74,0.7368,0.0,0.0,43.76,0.0,0.0
50.58,66.53,42.33,43.88,0.7368,0.0,0.0,42.33,0.0,0.0
48.0,63.39,42.22,42.69,0.7368,1.34,0.0,43.56,0.0,-64.2
52.96,62.59,43.09,42.93,0.7625,12.36,0.0,55.45,0.0,-654.59
56.32,63.6,43.44,43.99,1.0,0.0,0.0,43.44,0.0,0.0
56.07,65.12,43.71,44.37,1.0,0.0,0.0,43.71,0.0,0.0
59.72,67.87,43.27,44.35,1.0,0.0,0.0,43.27,0.0,0.0
59.9,70.74,42.71,44.04,1.0,0.0,0.0,42.71,0.0,0.0
61.95,72.24,41.61,43.54,1.0,0.0,0.0,41.61,0.0,0.0
61.17,76.62,40.57,42.63,1.0,0.0,12.36,28.21,0.0,756.18
62.81,78.49,39.86,41.24,0.7368,0.0,12.36,27.5,0.0,776.16
54.4,78.41,37.25,40.14,0.4737,0.0,12.36,24.89,0.0,672.49
51.05,74.69,34.34,37.45,0.2105,0.0,9.89,24.45,0.0,504.72
49.54,58.81,32.09,34.75,0.5,0.0,0.0,32.09,0.0,0.0
47.34,66.38,30.41,30.4,0.5,0.0,12.36,18.05,0.0,585.22
46.06,63.3,29.14,27.55,0.2368,0.0,11.12,18.02,0.0,512.28
46.98,60.83,28.48,26.04,0.0,0.0,0.0,28.48,0.0,0.0
45.6,59.0,28.17,25.68,0.0,0.0,0.0,28.17,0.0,0.0
43.63,57.13,28.1,25.37,0.0,0.0,0.0,28.1,0.0,0.0
38.56,56.01,28.86,24.77,0.0,0.0,0.0,28.86,0.0,0.0
42.59,56.46,31.46,24.79,0.0,0.0,0.0,31.46,0.0,0.0
45.57,57.17,34.03,25.79,0.0,0.0,0.0,34.03,0.0,0.0
42.67,56.57,35.52,27.18,0.0,0.0,0.0,35.52,0.0,0.0
41.55,54.1,35.82,28.76,0.0,0.0,0.0,35.82,0.0,0.0
40.07,50.25,35.6,29.5,0.0,0.0,0.0,35.6,0.0,0.0
39.45,46.68,34.62,29.95,0.0,2.6,0.0,37.22,0.0,-102.65
38.07,44.88,33.74,30.46,0.05,12.36,0.0,46.1,0.0,-470.55
38.43,43.4,33.34,30.71,0.2875,12.36,0.0,45.7,0.0,-474.99
38.87,42.4,33.32,30.69,0.525,12.36,0.0,45.68,0.0,-480.43
40.1,44.06,33.98,30.69,0.7625,12.36,0.0,46.34,0.0,-495.64
42.71,49.51,34.67,31.04,1.0,0.0,0.0,34.67,0.0,0.0
48.42,55.81,35.48,31.79,1.0,0.0,0.0,35.48,0.0,0.0
49.71,60.23,36.06,33.78,1.0,0.0,0.0,36.06,0.0,0.0
52.56,65.86,35.74,35.69,1.0,0.0,9.89,25.85,0.0,519.65
51.34,68.52,35.33,36.34,0.7895,0.0,12.36,22.97,0.0,634.66
48.73,71.16,33.49,36.19,0.5263,0.0,12.36,21.13,0.0,602.17
42.93,71.04,31.12,34.66,0.2632,0.0,12.36,18.76,0.0,530.7
49.01,58.86,29.55,35.23,0.5,0.0,11.12,18.43,0.0,545.09
47.91,70.13,27.89,32.62,0.2632,0.0,12.36,15.53,0.0,592.26
45.13,67.99,26.65,31.34,0.0,0.0,0.0,26.65,0.0,0.0
41.48,64.9,25.92,29.92,0.0,0.0,0.0,25.92,0.0,0.0
39.23,63.15,25.5,29.51,0.0,0.0,0.0,25.5,0.0,0.0
37.92,61.83,25.24,29.13,0.0,0.0,0.0,25.24,0.0,0.0
35.38,61.36,24.9,28.83,0.0,0.0,0.0,24.9,0.0,0.0
36.51,62.03,25.89,29.77,0.0,0.0,0.0,25.89,0.0,0.0
39.86,63.46,27.65,32.25,0.0,0.0,0.0,27.65,0.0,0.0
41.8,64.28,29.03,34.53,0.0,0.0,0.0,29.03,0.0,0.0
40.86,63.59,29.82,35.61,0.0,0.0,0.0,29.82,0.0,0.0
38.91,61.38,30.4,35.48,0.0,0.0,0.0,30.4,0.0,0.0
38.68,57.76,30.47,34.66,0.0,2.6,0.0,33.07,0.0,-100.65
37.99,52.45,29.8,33.53,0.05,12.36,0.0,42.16,0.0,-469.56
37.16,45.97,29.48,31.78,0.2875,12.36,0.0,41.84,0.0,-459.3
38.5,41.4,29.66,31.11,0.525,12.36,0.0,42.02,0.0,-475.86
39.45,42.78,30.17,31.02,0.7625,12.36,0.0,42.53,0.0,-487.6
42.0,50.51,31.27,31.2,1.0,0.0,0.0,31.27,0.0,0.0
47.14,57.4,32.55,31.83,1.0,0.0,0.0,32.55,0.0,0.0
50.85,60.92,33.73,33.53,1.0,0.0,9.89,23.84,0.0,502.74
55.41,66.76,34.44,35.11,0.7895,0.0,12.36,22.08,0.0,684.98
57.05,69.99,35.11,35.76,0.5263,0.0,12.36,22.75,0.0,704.98
53.22,72.18,33.52,36.15,0.2632,0.0,12.36,21.16,0.0,657.9
50.23,72.15,31.19,34.99,0.0,0.0,0.0,31.19,0.0,0.0
47.73,56.79,29.47,33.15,0.5,2.64,0.0,32.11,0.0,-125.94
47.09,63.4,27.87,33.03,0.5507,0.0,12.36,15.51,0.0,582.13
45.77,59.76,26.93,31.99,0.2875,0.0,0.0,26.93,0.0,0.0
43.32,57.23,26.43,30.44,0.2875,0.0,0.0,26.43,0.0,0.0
43.31,55.99,26.67,29.61,0.2875,12.36,0.0,39.03,0.0,-535.31
44.15,55.37,28.02,29.7,0.525,12.36,0.0,40.38,0.0,-545.69
45.0,56.22,31.59,30.35,0.7625,12.36,0.0,43.95,0.0,-556.2
48.07,59.19,36.7,33.75,1.0,0.0,0.0,36.7,0.0,0.0
56.62,62.65,42.26,39.52,1.0,0.0,0.0,42.26,0.0,0.0
56.43,65.48,44.1,44.1,1.0,0.0,0.0,44.1,0.0,0.0
55.0,68.02,44.72,44.99,1.0,0.0,0.0,44.72,0.0,0.0
52.22,68.17,45.13,45.37,1.0,0.0,0.0,45.13,0.0,0.0
50.0,66.71,44.13,45.42,1.0,0.0,0.0,44.13,0.0,0.0
50.01,65.7,44.74,44.54,1.0,0.0,0.0,44.74,0.0,0.0
54.21,65.76,45.78,44.57,1.0,0.0,0.0,45.78,0.0,0.0
56.07,66.6,46.21,45.5,1.0,0.0,0.0,46.21,0.0,0.0
58.82,67.43,46.81,46.27,1.0,0.0,0.0,46.81,0.0,0.0
60.75,67.84,46.34,46.46,1.0,0.0,0.0,46.34,0.0,0.0
62.88,68.32,45.67,46.28,1.0,0.0,0.0,45.67,0.0,0.0
65.18,69.55,44.48,45.72,1.0,0.0,0.0,44.48,0.0,0.0
65.17,71.45,43.66,44.38,1.0,0.0,12.36,31.3,0.0,805.63
66.42,71.9,43.14,42.68,0.7368,0.0,12.36,30.78,0.0,820.77
63.24,71.24,40.11,41.84,0.4737,0.0,12.36,27.75,0.0,781.77
57.18,69.76,36.9,39.74,0.2105,0.0,9.89,27.01,0.0,565.33
50.26,61.93,34.02,31.99,0.5,0.0,9.98,24.04,0.0,501.63
48.46,60.16,32.07,31.83,0.2875,0.0,0.0,32.07,0.0,0.0
48.0,56.46,30.91,30.25,0.2875,0.0,0.0,30.91,0.0,0.0
46.31,54.62,30.2,29.07,0.2875,12.36,0.0,42.56,0.0,-572.39
44.72,53.69,29.92,28.53,0.525,12.36,0.0,42.28,0.0,-552.74
42.0,54.57,30.73,29.4,0.7625,12.36,0.0,43.09,0.0,-519.12
45.2,57.94,33.5,30.75,1.0,0.0,0.0,33.5,0.0,0.0
51.22,62.61,38.27,33.54,1.0,0.0,0.0,38.27,0.0,0.0
54.43,67.41,43.92,39.15,1.0,0.0,0.0,43.92,0.0,0.0
56.24,70.86,45.73,44.59,1.0,0.0,0.0,45.73,0.0,0.0
55.68,70.4,46.19,45.88,1.0,0.0,0.0,46.19,0.0,0.0
52.76,68.29,46.88,46.19,1.0,0.0,0.0,46.88,0.0,0.0
45.63,65.98,45.7,46.04,1.0,0.0,0.0,45.7,0.0,0.0
47.38,65.29,46.03,45.04,1.0,0.0,0.0,46.03,0.0,0.0
54.16,67.2,47.28,45.14,1.0,0.0,0.0,47.28,0.0,0.0
55.22,70.62,47.76,45.99,1.0,0.0,0.0,47.76,0.0,0.0
58.12,74.32,48.1,46.73,1.0,0.0,0.0,48.1,0.0,0.0
61.09,77.25,47.62,46.91,1.0,0.0,0.0,47.62,0.0,0.0
63.0,78.79,46.99,46.77,1.0,0.0,0.0,46.99,0.0,0.0
65.79,79.26,45.86,46.12,1.0,0.0,9.89,35.97,0.0,650.45
65.94,80.23,44.84,44.64,0.7895,0.0,12.36,32.48,0.0,815.15
65.89,80.67,44.55,42.67,0.5263,0.0,12.36,32.19,0.0,814.22
58.59,80.2,41.12,41.94,0.2632,0.0,12.36,28.76,0.0,724.29
49.64,75.24,37.72,39.9,0.0,0.0,0.0,37.72,0.0,0.0
56.1,58.95,35.29,35.61,0.5,10.41,0.0,45.7,0.0,-583.91
47.17,66.38,33.32,34.75,0.7,10.41,0.0,43.73,0.0,-490.97
43.27,64.81,32.1,32.71,0.9,5.2,0.0,37.3,0.0,-225.19
41.47,62.81,31.38,31.3,1.0,0.0,0.0,31.38,0.0,0.0
42.08,62.08,31.19,31.28,1.0,0.0,0.0,31.19,0.0,0.0
43.06,61.94,31.91,31.91,1.0,0.0,9.39,22.52,0.0,404.49
47.69,62.72,34.75,32.58,0.8,0.0,9.39,25.36,0.0,447.98
57.21,64.61,39.8,35.48,0.6,0.0,9.39,30.41,0.0,537.41
62.71,66.55,45.29,40.92,0.4,0.0,9.39,35.9,0.0,589.07
58.93,68.05,46.99,45.16,0.2,0.0,9.39,37.6,0.0,553.56
56.97,68.72,47.69,46.17,0.0,0.0,0.0,47.69,0.0,0.0
62.57,67.47,48.3,46.4,0.0,0.0,0.0,48.3,0.0,0.0
59.86,64.39,47.03,46.23,0.0,10.41,0.0,57.44,0.0,-623.05
60.5,61.79,47.43,45.46,0.2,10.41,0.0,57.84,0.0,-629.71
63.51,61.37,48.53,45.56,0.4,10.41,0.0,58.94,0.0,-661.04
66.82,63.0,48.98,46.32,0.6,10.41,0.0,59.39,0.0,-695.49
66.64,68.02,49.46,46.96,0.8,10.41,0.0,59.87,0.0,-693.62
69.44,70.69,49.0,47.29,1.0,0.0,0.0,49.0,0.0,0.0
70.9,72.11,48.29,47.18,1.0,0.0,0.0,48.29,0.0,0.0
76.05,74.81,47.04,46.5,1.0,0.0,9.39,37.65,0.0,714.38
73.46,77.69,46.06,45.1,0.8,0.0,9.39,36.67,0.0,690.05
73.47,79.63,45.61,43.41,0.6,0.0,9.39,36.22,0.0,690.15
67.8,78.49,42.34,42.58,0.4,0.0,9.39,32.95,0.0,636.89
59.82,73.4,38.75,40.71,0.2,0.0,9.39,29.36,0.0,561.93
57.22,61.21,36.21,34.42,0.5,12.36,0.0,46.78,0.0,-604.82
51.44,69.54,34.11,34.33,0.7375,0.0,0.0,34.33,0.0,-11.32
45.75,67.94,32.77,33.21,0.7375,0.0,0.0,33.21,0.0,-20.13
45.2,67.23,32.04,31.79,0.7375,0.0,0.0,31.79,0.0,11.3
44.7,66.98,31.85,31.88,0.7375,12.36,0.0,44.24,0.0,-553.83
45.55,67.41,32.53,32.5,0.975,0.0,0.0,32.5,0.0,1.37
54.81,68.49,35.31,33.09,0.975,0.0,0.0,33.09,0.0,121.68
58.85,69.88,40.32,35.96,0.975,0.0,0.0,35.96,0.0,256.59
57.6,71.02,45.76,41.37,0.975,0.0,0.0,41.37,0.0,252.86
60.28,72.33,47.68,45.42,0.975,0.0,0.0,45.42,0.0,136.23
63.61,73.29,48.52,46.28,0.975,0.0,0.0,46.28,0.0,142.49
65.12,72.95,49.11,46.54,0.975,0.0,0.0,46.54,0.0,167.36
64.9,71.03,48.02,46.41,0.975,0.0,0.0,46.41,0.0,104.49
64.57,68.54,48.36,45.56,0.975,0.0,0.0,45.56,0.0,180.8
65.4,67.18,49.58,45.68,0.975,1.3,0.0,46.98,0.0,169.97
70.24,67.24,49.96,46.59,1.0,0.0,0.0,46.59,0.0,236.71
72.31,72.34,50.31,47.19,1.0,0.0,0.0,47.19,0.0,225.61
72.14,74.37,49.81,47.3,1.0,0.0,0.0,47.3,0.0,181.07
72.93,75.75,48.91,47.13,1.0,0.0,0.0,47.13,0.0,129.82
73.01,79.26,47.63,46.58,1.0,0.0,9.89,36.69,0.0,798.58
73.13,83.35,46.66,45.04,0.7895,0.0,12.36,32.68,0.0,1022.36
73.14,83.27,46.22,43.64,0.5263,0.0,12.36,31.28,0.0,1092.71
71.6,81.58,43.04,42.45,0.2632,0.0,12.36,30.09,0.0,927.22
65.0,76.14,39.45,40.53,-0.0,0.0,0.0,40.53,0.0,-70.2
58.94,65.22,36.1,34.51,0.5,12.36,0.0,46.87,0.0,-634.78
55.67,74.41,34.18,35.17,0.7375,0.0,0.0,35.17,0.0,-55.11
54.91,72.92,32.86,33.63,0.7375,0.0,0.0,33.63,0.0,-42.28
49.45,70.62,32.19,31.56,0.7375,0.0,0.0,31.56,0.0,31.15
47.16,69.23,32.01,31.54,0.7375,0.0,0.0,31.54,0.0,22.17
49.76,69.01,32.74,32.36,0.7375,1.3,0.0,33.66,0.0,-45.83
55.27,69.65,35.09,33.11,0.7625,0.0,0.0,33.11,0.0,109.43
58.23,70.88,39.92,36.01,0.7625,0.0,0.0,36.01,0.0,227.68
65.17,71.95,45.41,41.5,0.7625,0.0,0.0,41.5,0.0,254.81
66.77,72.98,47.4,45.41,0.7625,0.0,0.0,45.41,0.0,132.87
65.73,73.91,48.16,46.13,0.7625,0.0,0.0,46.13,0.0,133.43
66.25,73.65,48.76,46.4,0.7625,0.0,0.0,46.4,0.0,156.35
57.5,71.88,47.53,46.34,0.7625,0.0,0.0,46.34,0.0,68.42
59.5,69.73,47.72,45.41,0.7625,0.0,0.0,45.41,0.0,137.45
69.48,68.5,48.51,45.45,0.7625,12.36,0.0,57.81,0.0,-646.16
67.0,69.2,48.75,46.36,1.0,0.0,0.0,46.36,0.0,160.13
71.02,73.0,48.88,46.96,1.0,0.0,0.0,46.96,0.0,136.36
72.26,74.82,48.7,47.05,1.0,0.0,0.0,47.05,0.0,119.23
73.3,76.01,47.99,46.83,1.0,0.0,0.0,46.83,0.0,85.03
73.4,79.52,46.46,46.16,1.0,0.0,9.89,36.27,0.0,747.8
73.43,84.0,45.44,44.45,0.7895,0.0,12.36,32.09,0.0,980.29
73.42,84.28,44.93,42.94,0.5263,0.0,12.36,30.58,0.0,1053.58
62.96,81.9,41.7,41.71,0.2632,0.0,12.36,29.35,0.0,777.56
60.48,77.84,38.38,39.33,-0.0,0.0,0.0,39.33,0.0,-57.46
56.89,65.09,34.2,33.46,0.5,12.36,0.0,45.82,0.0,-661.06
51.3,74.44,32.32,33.2,0.7375,0.0,12.36,20.84,0.0,588.92
45.67,73.48,30.86,31.95,0.4743,0.0,12.36,19.59,0.0,514.7
46.1,71.78,30.04,29.06,0.2112,0.0,0.0,29.06,0.0,45.18
45.18,70.92,29.56,27.78,0.2112,0.0,0.0,27.78,0.0,80.42
45.31,70.82,29.43,27.27,0.2112,0.0,0.0,27.27,0.0,97.87
41.2,71.52,29.82,26.9,0.2112,0.0,0.0,26.9,0.0,120.3
47.49,72.2,32.51,27.81,0.2112,0.0,7.57,20.24,0.0,582.73
51.04,72.01,35.06,30.23,0.05,0.0,0.0,30.23,0.0,246.52
50.11,70.89,36.77,31.81,0.05,0.0,0.0,31.81,0.0,248.55
48.45,69.49,37.31,35.14,0.05,0.0,0.0,35.14,0.0,105.14
48.04,68.0,37.39,36.52,0.05,0.0,0.0,36.52,0.0,41.79
46.0,66.38,36.39,36.67,0.05,0.0,0.0,36.67,0.0,-12.88
43.96,64.3,35.68,35.66,0.05,12.36,0.0,48.02,0.0,-542.47
43.92,61.65,35.48,35.38,0.2875,12.36,0.0,47.74,0.0,-538.46
45.24,59.69,35.5,36.14,0.525,12.36,0.0,48.5,0.0,-588.12
47.0,62.39,36.08,36.77,0.7625,12.36,0.0,49.13,0.0,-613.35
53.66,68.26,36.88,37.1,1.0,0.0,0.0,37.1,0.0,-11.81
55.97,72.07,37.66,36.86,1.0,0.0,0.0,36.86,0.0,44.78
58.6,74.71,37.94,36.51,1.0,0.0,9.89,26.62,0.0,663.23
58.85,76.76,37.63,38.06,0.7895,0.0,12.36,25.7,0.0,702.08
59.59,78.54,37.64,38.44,0.5263,0.0,12.36,26.08,0.0,688.86
54.79,77.15,35.34,37.68,0.2632,0.0,12.36,25.32,0.0,549.0
48.26,72.11,32.71,35.26,-0.0,0.0,0.0,35.26,0.0,-123.06
42.75,65.7,29.64,34.23,0.5,0.0,0.0,29.64,0.0,0.0
41.48,75.13,27.88,32.53,0.5,0.0,12.36,15.52,0.0,512.77
42.03,72.75,26.62,30.53,0.2368,0.0,11.12,15.5,0.0,467.46
37.32,70.69,25.88,28.16,0.0,0.0,0.0,25.88,0.0,0.0
36.28,69.41,25.41,27.56,0.0,0.0,0.0,25.41,0.0,0.0
35.33,68.69,25.11,27.03,0.0,0.0,0.0,25.11,0.0,0.0
33.54,68.55,24.58,26.74,0.0,0.0,0.0,24.58,0.0,0.0
33.58,68.02,25.7,26.6,0.0,0.0,0.0,25.7,0.0,0.0
34.08,67.33,27.37,27.11,0.0,0.0,0.0,27.37,0.0,0.0
35.0,67.22,28.85,29.58,0.0,0.0,0.0,28.85,0.0,0.0
36.14,66.84,29.81,34.95,0.0,0.0,0.0,29.81,0.0,0.0
34.95,65.96,30.64,37.69,0.0,0.0,0.0,30.64,0.0,0.0
34.26,64.44,30.56,37.26,0.0,0.0,0.0,30.56,0.0,0.0
32.88,61.73,29.88,37.0,0.0,0.0,0.0,29.88,0.0,0.0
30.99,58.37,29.6,36.47,0.0,12.36,0.0,41.96,0.0,-383.04
30.2,56.04,29.52,36.34,0.2375,12.36,0.0,41.88,0.0,-373.27
31.2,55.04,29.79,36.72,0.475,12.36,0.0,42.15,0.0,-385.63
34.49,56.8,30.72,37.27,0.7125,12.36,0.0,43.08,0.0,-426.3
38.0,59.91,31.94,37.29,0.95,2.6,0.0,34.54,0.0,-98.88
41.09,63.3,33.12,36.95,1.0,0.0,0.0,33.12,0.0,0.0
44.27,67.52,33.72,38.05,1.0,0.0,9.89,23.83,0.0,437.69
47.77,72.08,34.43,38.65,0.7895,0.0,12.36,22.07,0.0,590.53
43.79,72.98,32.66,38.53,0.5263,0.0,12.36,20.3,0.0,541.13
41.56,68.08,30.35,36.07,0.2632,0.0,12.36,17.99,0.0,513.76
37.16,65.37,28.21,32.14,0.5,0.0,0.0,28.21,0.0,0.0
34.05,66.56,26.84,30.32,0.5,0.0,0.0,26.84,0.0,0.0
32.65,62.37,25.84,29.24,0.5,0.0,0.0,25.84,0.0,0.0
32.46,60.17,25.39,28.44,0.5,1.3,0.0,26.69,0.0,-42.23
32.7,58.92,25.52,28.16,0.525,12.36,0.0,37.88,0.0,-404.17
34.82,59.23,26.84,28.46,0.7625,12.36,0.0,39.2,0.0,-430.38
39.72,61.66,30.37,29.25,1.0,0.0,0.0,30.37,0.0,0.0
42.52,67.48,35.47,32.07,1.0,0.0,0.0,35.47,0.0,0.0
47.45,73.68,40.77,37.48,1.0,0.0,0.0,40.77,0.0,0.0
53.59,75.1,42.58,42.54,1.0,0.0,12.36,30.22,0.0,662.48
50.2,73.12,43.12,43.97,0.7368,0.0,0.0,43.12,0.0,0.0
50.0,70.77,43.69,44.44,0.7368,0.0,0.0,43.69,0.0,0.0
48.2,67.27,42.2,44.73,0.7368,0.0,0.0,42.2,0.0,0.0
48.2,65.01,42.52,43.62,0.7368,12.36,0.0,54.88,0.0,-595.75
54.91,67.25,43.7,43.44,0.9743,1.34,0.0,45.04,0.0,-73.44
56.57,70.06,44.15,44.23,1.0,0.0,0.0,44.15,0.0,0.0
57.8,71.96,44.39,44.87,1.0,0.0,0.0,44.39,0.0,0.0
60.25,73.53,43.91,45.06,1.0,0.0,0.0,43.91,0.0,0.0
57.61,75.22,43.29,44.79,1.0,0.0,0.0,43.29,0.0,0.0
59.29,77.64,42.14,43.97,1.0,0.0,12.36,29.78,0.0,732.94
62.52,78.67,41.6,42.58,0.7368,0.0,12.36,29.24,0.0,772.58
63.59,77.36,41.19,41.03,0.4737,0.0,12.36,28.83,0.0,786.1
57.57,75.35,37.92,39.88,0.2105,0.0,9.89,28.03,0.0,569.18
48.88,70.58,34.65,36.34,0.0,0.0,0.0,34.65,0.0,0.0
43.8,66.75,31.98,31.67,0.5,0.0,0.0,31.98,0.0,0.0
40.42,67.21,30.25,30.44,0.5,0.0,9.98,20.27,0.0,403.42
39.74,62.63,29.13,29.46,0.2875,0.0,0.0,29.13,0.0,0.0
40.7,60.13,28.54,28.81,0.2875,12.36,0.0,40.9,0.0,-503.05
40.7,59.07,28.56,28.58,0.525,12.36,0.0,40.92,0.0,-503.05
41.72,59.56,29.46,29.01,0.7625,12.36,0.0,41.82,0.0,-515.66
44.94,61.93,32.17,29.93,1.0,0.0,0.0,32.17,0.0,0.0
46.37,67.74,37.07,32.78,1.0,0.0,0.0,37.07,0.0,0.0
53.08,73.96,42.18,38.02,1.0,0.0,0.0,42.18,0.0,0.0
52.77,75.6,44.09,42.96,1.0,0.0,12.36,31.73,0.0,652.34
52.19,73.79,44.66,44.44,0.7368,0.0,0.0,44.66,0.0,0.0
51.3,71.33,45.18,44.85,0.7368,0.0,0.0,45.18,0.0,0.0
44.87,67.51,43.68,45.07,0.7368,1.34,0.0,45.02,0.0,-60.01
45.06,65.63,43.88,44.06,0.7625,12.36,0.0,56.24,0.0,-556.94
49.0,68.24,44.92,43.9,1.0,0.0,0.0,44.92,0.0,0.0
50.0,71.75,45.31,44.63,1.0,0.0,0.0,45.31,0.0,0.0
53.29,74.43,45.56,45.27,1.0,0.0,0.0,45.56,0.0,0.0
57.5,76.33,44.98,45.51,1.0,0.0,0.0,44.98,0.0,0.0
57.68,78.63,44.41,45.26,1.0,0.0,12.36,32.05,0.0,713.04
64.5,80.19,43.34,44.51,0.7368,0.0,12.36,30.98,0.0,797.04
59.86,80.44,42.35,43.05,0.4737,0.0,12.36,29.99,0.0,739.99
60.47,78.6,41.82,41.3,0.2105,0.0,9.89,31.93,0.0,597.85
51.37,76.48,38.57,40.33,0.0,0.0,0.0,38.57,0.0,0.0
44.62,71.23,35.02,36.67,0.0,0.0,0.0,35.02,0.0,0.0
50.0,57.84,32.27,29.32,0.5,0.0,0.0,32.27,0.0,0.0
45.0,60.86,30.5,27.86,0.5,0.0,0.0,30.5,0.0,0.0
42.18,58.74,29.4,25.11,0.5,0.0,0.0,29.4,0.0,0.0
40.0,57.87,28.75,25.24,0.5,0.0,0.0,28.75,0.0,0.0
40.0,56.59,28.68,26.63,0.5,0.0,0.0,28.68,0.0,0.0
40.93,55.46,29.48,27.83,0.5,12.36,0.0,41.84,0.0,-505.89
45.91,55.32,32.17,28.76,0.7375,12.36,0.0,44.53,0.0,-567.45
50.95,56.35,37.11,31.34,0.975,1.3,0.0,38.41,0.0,-66.29
60.95,58.49,42.28,36.16,1.0,0.0,0.0,42.28,0.0,0.0
60.95,59.46,44.03,41.92,1.0,0.0,0.0,44.03,0.0,0.0
56.57,60.89,44.58,44.35,1.0,0.0,0.0,44.58,0.0,0.0
57.53,60.82,45.02,44.96,1.0,0.0,0.0,45.02,0.0,0.0
50.17,59.37,43.51,45.09,1.0,0.0,0.0,43.51,0.0,0.0
50.0,57.85,43.76,44.29,1.0,0.0,0.0,43.76,0.0,0.0
52.22,58.53,44.83,44.07,1.0,0.0,0.0,44.83,0.0,0.0
59.22,60.9,45.04,44.87,1.0,0.0,0.0,45.04,0.0,0.0
61.2,63.24,45.38,45.15,1.0,0.0,0.0,45.38,0.0,0.0
62.4,64.73,44.9,45.41,1.0,0.0,0.0,44.9,0.0,0.0
62.88,65.4,44.11,45.37,1.0,0.0,0.0,44.11,0.0,0.0
64.85,65.77,43.0,44.62,1.0,0.0,0.0,43.0,0.0,0.0
64.82,68.54,42.13,43.02,1.0,0.0,12.36,29.77,0.0,801.3
66.64,69.93,41.38,41.36,0.7368,0.0,12.36,29.02,0.0,823.49
63.0,68.88,38.19,40.44,0.4737,0.0,12.36,25.83,0.0,778.8
51.56,67.49,34.58,36.84,0.2105,0.0,9.89,24.69,0.0,509.76
70.11,49.47,27.88,29.0,0.5,0.0,12.36,16.64,0.0,788.04
70.0,42.08,26.49,24.58,0.2368,0.0,11.12,13.46,0.0,912.38
68.28,36.0,25.59,23.19,0.0,2.6,0.0,25.79,0.0,-13.8
68.26,30.8,25.33,22.65,0.05,12.36,0.0,35.01,0.0,-660.76
68.28,27.29,25.59,23.34,0.2875,12.36,0.0,35.7,0.0,-690.31
77.96,28.15,27.14,25.22,0.525,12.36,0.0,37.58,0.0,-813.9
82.98,35.14,32.18,27.73,0.7625,12.36,0.0,40.09,0.0,-656.37
81.42,45.7,38.65,31.89,1.0,-0.0,0.0,31.89,0.0,550.4
94.42,53.05,43.27,37.89,1.0,0.0,0.0,37.89,0.0,507.98
85.45,57.75,44.78,42.76,1.0,0.0,12.36,30.4,0.0,1228.77
83.36,57.04,44.33,44.21,0.7368,0.0,12.36,31.85,0.0,1040.33
81.27,54.27,43.99,44.41,0.4737,0.0,0.0,44.41,0.0,-34.13
71.05,52.19,41.72,44.45,0.4737,0.0,0.0,44.45,0.0,-193.97
67.58,49.8,41.15,43.0,0.4737,12.36,0.0,55.36,0.0,-960.31
77.5,49.06,42.61,42.09,0.7112,12.36,0.0,54.45,0.0,-917.6
79.93,50.26,43.52,43.45,0.9487,2.67,0.0,46.12,0.0,-207.86
83.0,52.55,44.75,44.65,1.0,0.0,0.0,44.65,0.0,8.3
85.7,55.76,46.82,45.55,1.0,0.0,-0.0,45.55,0.0,108.84
82.82,59.23,46.12,46.59,1.0,0.0,12.36,34.23,0.0,984.73
82.51,60.08,44.81,46.23,0.7368,0.0,12.36,33.87,0.0,902.66
76.67,57.9,42.25,45.49,0.4737,0.0,12.36,33.13,0.0,699.23
70.33,56.32,38.79,42.48,0.2105,0.0,9.89,32.59,0.0,435.91
65.23,54.01,34.74,39.18,0.0,0.0,-0.0,39.18,0.0,-289.62
59.98,49.9,30.99,35.5,0.0,0.0,-0.0,35.5,0.0,-270.51
57.46,46.82,28.15,32.9,0.5,0.0,12.36,20.54,0.0,437.27
56.37,44.2,26.59,28.09,0.2368,0.0,0.0,28.09,0.0,-84.56
53.71,41.06,25.71,26.39,0.2368,2.64,0.0,29.03,0.0,-178.12
53.1,39.61,25.56,26.18,0.2875,12.36,0.0,38.54,0.0,-689.24
52.99,39.2,25.75,26.58,0.525,12.36,0.0,38.94,0.0,-698.94
56.37,40.06,27.49,27.32,0.7625,12.36,0.0,39.68,0.0,-687.15
64.08,44.05,32.58,30.16,1.0,-0.0,0.0,30.16,0.0,155.07
71.26,49.94,38.61,34.3,1.0,-0.0,0.0,34.3,0.0,307.13
74.14,54.63,42.73,38.91,1.0,0.0,0.0,38.91,0.0,283.21
67.32,58.49,43.35,42.87,1.0,0.0,12.36,30.51,0.0,864.39
61.04,57.93,42.54,44.41,0.7368,0.0,12.36,32.05,0.0,640.31
58.0,54.73,41.75,43.8,0.4737,0.0,0.0,43.8,0.0,-118.9
55.98,51.28,39.14,42.74,0.4737,0.0,0.0,42.74,0.0,-201.53
54.98,49.37,38.56,40.8,0.4737,12.36,0.0,53.16,0.0,-802.71
57.25,49.1,39.68,39.94,0.7112,12.36,0.0,52.3,0.0,-722.49
59.0,50.14,40.53,40.9,0.9487,2.67,0.0,43.57,0.0,-179.39
64.5,52.62,41.69,41.56,1.0,0.0,0.0,41.56,0.0,8.38
73.75,56.81,43.39,42.1,1.0,0.0,-0.0,42.1,0.0,95.14
81.66,63.71,45.16,43.56,1.0,0.0,12.36,31.2,0.0,1139.97
79.78,71.27,43.79,44.64,0.7368,0.0,12.36,32.28,0.0,918.27
68.9,66.93,40.68,42.93,0.4737,0.0,12.36,30.57,0.0,696.58
66.13,57.77,37.21,40.15,0.2105,0.0,9.89,30.26,0.0,459.47
59.51,52.4,33.43,37.53,0.0,0.0,-0.0,37.53,0.0,-243.99
56.37,51.21,30.04,34.56,0.0,0.0,-0.0,34.56,0.0,-254.79
47.26,48.84,27.64,31.83,0.5,0.0,12.36,19.47,0.0,386.11
45.74,46.43,26.14,24.92,0.2368,0.0,0.0,24.92,0.0,55.8
44.0,43.82,25.31,22.86,0.2368,0.0,0.0,22.86,0.0,107.8
44.0,41.93,25.13,22.33,0.2368,12.36,0.0,34.69,0.0,-420.64
45.97,40.93,25.31,22.14,0.4743,12.36,0.0,34.5,0.0,-422.46
51.99,42.51,26.82,21.75,0.7118,4.04,0.0,25.79,0.0,53.54
62.91,44.89,31.68,21.63,0.7895,0.0,0.0,21.63,0.0,632.25
64.22,46.48,36.33,21.99,0.7895,0.0,0.0,21.99,0.0,920.91
71.22,48.33,40.75,23.91,0.7895,0.0,12.36,11.55,0.0,2079.62
65.28,49.66,41.09,25.88,0.5263,0.0,12.36,13.52,0.0,1799.77
55.95,49.07,40.54,26.42,0.2632,0.0,12.36,14.06,0.0,1481.56
53.27,46.36,39.76,27.09,-0.0,0.0,0.0,27.09,0.0,674.93
48.04,38.21,37.42,28.24,0.0,2.6,0.0,30.84,0.0,316.0
47.84,31.97,36.96,28.09,0.05,12.36,0.0,40.45,0.0,-166.96
53.0,27.74,38.32,25.58,0.2875,12.36,0.0,37.94,0.0,20.14
57.43,25.96,38.75,25.98,0.525,12.36,0.0,38.34,0.0,23.55
63.15,29.71,39.36,28.0,0.7625,12.36,0.0,40.36,0.0,-63.15
71.56,40.2,39.65,30.22,1.0,0.0,0.0,30.22,0.0,674.81
73.88,53.09,41.94,31.72,1.0,0.0,9.89,21.83,0.0,1485.58
77.98,70.31,41.73,34.55,0.7895,0.0,12.36,22.19,0.0,1523.73
74.04,67.77,39.55,34.97,0.5263,0.0,12.36,22.61,0.0,1254.24
66.64,54.85,36.3,33.38,0.2632,0.0,12.36,21.02,0.0,1018.26
57.71,49.24,32.65,31.87,0.0,0.0,0.0,31.87,0.0,45.01
53.47,45.48,29.22,29.2,-0.0,-0.0,0.0,29.2,0.0,1.07
39.8,42.83,23.55,27.24,0.5,0.0,12.36,14.88,0.0,345.07
39.05,37.3,22.13,26.53,0.2368,2.64,0.0,29.17,0.0,-274.77
36.73,34.13,21.58,25.23,0.2875,12.36,0.0,37.59,0.0,-588.05
36.3,32.0,21.46,24.57,0.525,12.36,0.0,36.93,0.0,-561.56
37.2,34.26,21.8,24.8,0.7625,12.36,0.0,37.16,0.0,-571.39
41.6,43.45,23.61,24.92,1.0,0.0,-0.0,24.92,0.0,-54.5
55.0,53.13,28.92,26.68,1.0,0.0,-0.0,26.68,0.0,123.2
66.21,58.62,33.88,27.57,1.0,0.0,12.36,15.21,0.0,1236.14
76.9,60.94,38.5,29.09,0.7368,0.0,12.36,16.73,0.0,1674.11
66.64,58.35,39.34,32.68,0.4737,0.0,12.36,20.32,0.0,1267.49
63.59,53.6,38.79,36.47,0.2105,0.0,9.89,26.58,0.0,776.31
61.05,48.81,38.41,37.48,0.0,0.0,0.0,37.48,0.0,56.78
51.32,45.61,36.09,36.29,-0.0,-0.0,0.0,36.29,0.0,-10.26
50.3,43.78,35.75,33.73,0.0,2.6,0.0,36.33,0.0,-29.28
55.56,41.61,37.07,32.16,0.05,12.36,0.0,44.52,0.0,-413.92
56.95,39.65,37.39,31.32,0.2875,12.36,0.0,43.68,0.0,-358.22
57.53,39.24,37.86,30.96,0.525,12.36,0.0,43.32,0.0,-314.11
55.89,41.4,37.51,31.59,0.7625,12.36,0.0,43.95,0.0,-359.93
56.47,45.03,37.58,33.36,1.0,0.0,0.0,33.36,0.0,238.3
71.49,47.87,38.13,36.05,1.0,0.0,0.0,36.05,0.0,148.7
74.2,53.11,39.25,39.14,1.0,0.0,12.36,26.78,0.0,925.27
67.59,61.8,36.68,41.91,0.7368,0.0,12.36,29.55,0.0,481.92
54.9,60.36,32.8,40.12,0.4737,0.0,12.36,27.76,0.0,276.7
49.56,51.48,29.34,37.07,0.2105,0.0,9.89,27.18,0.0,106.95
63.34,45.48,27.27,33.39,0.5,0.0,12.36,21.03,0.0,395.24
57.23,43.54,25.76,29.84,0.2368,0.0,8.78,21.06,0.0,268.73
55.35,40.7,24.92,27.02,0.05,0.0,0.0,27.02,0.0,-116.23
55.18,37.02,24.65,26.05,0.05,12.36,0.0,38.41,0.0,-759.28
55.28,31.97,24.82,25.0,0.2875,12.36,0.0,37.36,0.0,-693.21
60.31,29.0,26.2,24.66,0.525,12.36,0.0,37.02,0.0,-652.55
63.82,32.24,29.44,25.37,0.7625,12.36,0.0,37.73,0.0,-529.07
73.03,40.36,35.02,28.8,1.0,-0.0,0.0,28.8,0.0,454.25
76.0,49.83,39.42,35.83,1.0,0.0,9.89,25.94,0.0,1024.33
68.14,57.89,40.06,41.45,0.7895,0.0,12.36,29.09,0.0,747.5
64.55,58.02,39.74,42.38,0.5263,0.0,12.36,30.02,0.0,627.43
62.3,50.04,39.26,42.32,0.2632,0.0,12.36,29.96,0.0,579.39
56.36,43.45,37.15,41.45,0.0,12.36,0.0,53.81,0.0,-938.96
55.46,39.09,36.86,39.43,0.2375,12.36,0.0,51.79,0.0,-828.02
58.21,37.25,37.67,39.16,0.475,12.36,0.0,51.52,0.0,-806.21
60.97,40.22,38.06,39.65,0.7125,12.36,0.0,52.01,0.0,-850.53
62.34,44.82,38.44,39.51,0.95,2.6,0.0,42.11,0.0,-228.92
61.27,47.8,38.06,39.49,1.0,0.0,0.0,39.49,0.0,-87.62
63.99,49.55,37.97,39.7,1.0,0.0,0.0,39.7,0.0,-110.7
70.46,51.02,38.03,40.27,1.0,0.0,0.0,40.27,0.0,-157.83
75.15,53.61,38.8,40.91,1.0,0.0,12.36,28.55,0.0,770.29
68.35,56.64,37.48,41.94,0.7368,0.0,12.36,29.58,0.0,539.96
60.0,56.11,33.5,40.53,0.4737,0.0,12.36,28.17,0.0,319.8
53.38,51.99,29.47,37.42,0.2105,0.0,9.89,27.53,0.0,103.45
58.45,48.38,29.08,33.76,0.5,0.0,11.12,17.96,0.0,650.08
54.96,49.59,27.66,28.45,0.2632,0.0,12.36,15.3,0.0,679.41
49.13,46.37,26.4,25.81,0.0,0.0,0.0,26.4,0.0,0.0
45.27,40.0,25.88,23.76,0.0,0.0,0.0,25.88,0.0,0.0
44.69,34.65,25.57,22.39,0.0,12.36,0.0,37.93,0.0,-552.37
41.34,30.71,25.05,21.68,0.2375,12.36,0.0,37.41,0.0,-510.96
41.23,29.86,26.13,21.35,0.475,12.36,0.0,38.49,0.0,-509.6
46.47,34.17,29.08,22.62,0.7125,12.36,0.0,41.44,0.0,-574.37
52.8,39.43,31.37,24.39,0.95,0.0,7.54,23.83,0.0,398.03
51.23,45.92,32.55,25.9,0.7895,0.0,12.36,20.19,0.0,633.3
48.11,44.74,32.53,27.06,0.5263,0.0,12.36,20.17,0.0,594.51
44.56,40.21,32.06,29.13,0.2632,0.0,12.36,19.7,0.0,550.85
42.5,35.33,30.67,29.85,0.0,2.6,0.0,33.27,0.0,-110.59
35.58,28.72,29.51,31.11,0.05,12.36,0.0,41.87,0.0,-439.77
33.8,23.12,29.14,34.33,0.2875,12.36,0.0,41.5,0.0,-417.77
38.64,24.16,29.15,35.21,0.525,12.36,0.0,41.51,0.0,-477.59
43.02,31.23,29.67,34.88,0.7625,12.36,0.0,42.03,0.0,-531.73
44.79,39.69,30.6,34.57,1.0,0.0,0.0,30.6,0.0,0.0
50.53,45.08,31.76,35.17,1.0,0.0,0.0,31.76,0.0,0.0
60.2,50.47,32.99,36.36,1.0,0.0,0.0,32.99,0.0,0.0
63.48,59.56,33.22,34.68,1.0,0.0,9.89,23.33,0.0,627.61
63.44,65.29,32.95,35.98,0.7895,0.0,12.36,20.59,0.0,784.24
54.68,65.66,30.69,36.67,0.5263,0.0,12.36,18.33,0.0,675.7
47.09,62.15,27.97,34.2,0.2632,0.0,12.36,15.61,0.0,582.13
45.8,54.33,29.87,31.98,0.5,12.36,0.0,44.34,0.0,-662.73
41.75,66.98,28.29,30.49,0.7375,0.0,12.36,18.13,0.0,424.18
40.72,62.56,27.17,28.51,0.4743,0.0,0.0,28.51,0.0,-54.56
38.13,57.45,26.7,26.6,0.4743,0.0,0.0,26.6,0.0,3.81
36.72,56.06,26.84,25.51,0.4743,12.36,0.0,37.87,0.0,-405.02
40.0,56.17,27.74,25.47,0.7118,12.36,0.0,37.83,0.0,-403.6
44.45,57.07,31.58,25.92,0.9493,2.64,0.0,28.56,0.0,134.4
49.07,66.34,36.59,28.41,1.0,0.0,-0.0,28.41,0.0,401.39
55.2,71.51,42.25,32.93,1.0,0.0,0.0,32.93,0.0,514.46
55.97,72.72,44.16,35.95,1.0,0.0,12.36,23.59,0.0,1151.3
53.82,71.3,44.73,36.37,0.7368,0.0,0.0,36.37,0.0,449.94
50.72,69.01,45.16,34.6,0.7368,0.0,0.0,34.6,0.0,535.6
49.57,66.77,44.03,33.2,0.7368,0.0,0.0,33.2,0.0,536.84
49.57,65.06,44.51,33.57,0.7368,12.36,0.0,45.93,0.0,-70.39
55.0,65.46,45.93,33.38,0.9743,1.34,0.0,34.72,0.0,616.81
58.02,67.33,46.32,32.39,1.0,0.0,0.0,32.39,0.0,808.22
59.08,69.71,46.56,29.65,1.0,0.0,0.0,29.65,0.0,999.04
59.83,72.35,45.95,30.13,1.0,0.0,0.0,30.13,0.0,946.51
60.1,75.24,45.11,31.05,1.0,0.0,0.0,31.05,0.0,845.01
61.87,78.98,43.95,33.39,1.0,0.0,9.89,23.5,0.0,1265.12
62.05,82.81,42.91,36.45,0.7895,0.0,12.36,24.09,0.0,1167.78
62.06,81.86,42.17,36.79,0.5263,0.0,12.36,24.43,0.0,1100.94
58.64,80.18,39.43,35.94,0.2632,0.0,12.36,23.58,0.0,929.44
49.54,75.83,36.16,34.14,-0.0,0.0,0.0,34.14,0.0,100.07
46.3,68.34,29.36,31.69,0.5,0.0,0.0,31.69,0.0,-107.88
43.3,74.29,27.64,29.42,0.5,0.0,12.36,17.06,0.0,458.11
41.85,69.65,26.38,27.63,0.2368,0.0,0.0,27.63,0.0,-52.31
40.01,66.29,25.78,26.48,0.2368,0.0,0.0,26.48,0.0,-28.01
40.02,63.92,25.65,25.77,0.2368,2.64,0.0,28.41,0.0,-110.31
42.6,62.61,26.53,25.54,0.2875,12.36,0.0,37.9,0.0,-484.36
44.4,62.18,28.42,26.6,0.525,12.36,0.0,38.96,0.0,-467.98
45.28,62.75,31.9,28.19,0.7625,12.36,0.0,40.55,0.0,-391.67
49.41,66.93,36.05,33.3,1.0,0.0,0.0,33.3,0.0,135.88
50.91,72.7,37.63,37.97,1.0,0.0,-0.0,37.97,0.0,-17.31
48.97,74.0,38.24,38.6,1.0,0.0,-0.0,38.6,0.0,-17.63
49.24,73.29,38.83,37.24,1.0,0.0,0.0,37.24,0.0,78.29
47.17,71.53,38.41,37.14,1.0,0.0,0.0,37.14,0.0,59.91
46.13,70.09,38.26,37.26,1.0,0.0,0.0,37.26,0.0,46.13
47.85,69.54,38.84,37.41,1.0,0.0,0.0,37.41,0.0,68.43
49.88,70.55,38.85,37.6,1.0,0.0,0.0,37.6,0.0,62.35
53.41,72.84,39.13,37.68,1.0,0.0,0.0,37.68,0.0,77.44
58.91,75.21,39.19,38.24,1.0,0.0,-0.0,38.24,0.0,55.96
59.59,77.41,39.09,38.81,1.0,0.0,0.0,38.81,0.0,16.69
61.76,80.78,38.51,39.11,1.0,0.0,9.89,29.22,0.0,573.63
64.33,84.21,38.48,38.72,0.7895,0.0,12.36,26.36,0.0,779.68
60.07,82.73,37.35,38.61,0.5263,0.0,12.36,26.25,0.0,666.78
56.02,81.78,34.32,37.15,0.2632,0.0,12.36,24.79,0.0,533.87
49.86,78.59,31.19,34.08,-0.0,0.0,0.0,34.08,0.0,-144.1
42.43,76.94,25.92,31.23,0.5,0.0,12.36,13.56,0.0,524.52
37.9,73.09,24.33,27.07,0.2368,0.0,11.12,13.21,0.0,421.52
37.73,68.91,23.3,25.41,0.0,0.0,0.0,23.3,0.0,0.0
36.76,66.16,22.8,24.86,0.0,0.0,0.0,22.8,0.0,0.0
35.12,64.06,22.47,24.34,0.0,12.36,0.0,34.83,0.0,-434.08
36.57,62.98,22.71,24.43,0.2375,12.36,0.0,35.07,0.0,-452.01
37.25,62.89,23.25,25.32,0.475,12.36,0.0,35.61,0.0,-460.41
36.99,64.2,23.65,27.34,0.7125,2.6,0.0,26.25,0.0,-96.25
37.5,67.39,25.42,30.75,0.7625,0.0,0.0,25.42,0.0,0.0
37.39,70.33,26.77,35.13,0.7625,0.0,0.0,26.77,0.0,0.0
36.31,70.48,27.46,37.14,0.7625,0.0,0.0,27.46,0.0,0.0
35.3,69.27,27.65,37.4,0.7625,0.0,0.0,27.65,0.0,0.0
35.46,67.54,27.26,36.69,0.7625,0.0,0.0,27.26,0.0,0.0
32.2,66.33,26.19,35.87,0.7625,0.0,0.0,26.19,0.0,0.0
32.3,64.66,25.76,35.88,0.7625,0.0,0.0,25.76,0.0,0.0
32.3,63.96,25.71,36.32,0.7625,12.36,0.0,38.07,0.0,-399.23
34.14,66.53,26.14,36.58,1.0,0.0,0.0,26.14,0.0,0.0
35.79,70.08,26.94,36.5,1.0,0.0,0.0,26.94,0.0,0.0
38.53,73.57,28.43,37.55,1.0,0.0,0.0,28.43,0.0,0.0
49.21,77.85,30.62,39.67,1.0,0.0,12.36,18.26,0.0,608.33
52.59,81.99,31.72,40.4,0.7368,0.0,12.36,19.36,0.0,649.87
47.99,80.58,30.31,41.11,0.4737,0.0,12.36,17.95,0.0,593.25
44.58,75.71,28.18,38.58,0.2105,0.0,9.89,18.29,0.0,440.75
39.55,74.67,25.92,35.35,0.0,0.0,0.0,25.92,0.0,0.0
45.05,70.47,27.15,32.35,0.5,0.0,12.36,14.79,0.0,556.91
44.0,65.56,25.72,27.83,0.2368,0.0,11.12,14.6,0.0,489.37
41.14,60.15,24.95,25.54,0.0,0.0,0.0,24.95,0.0,0.0
42.0,56.83,24.7,25.17,0.0,0.0,0.0,24.7,0.0,0.0
42.0,53.65,24.88,24.59,0.0,12.36,0.0,37.24,0.0,-519.12
44.46,49.8,26.32,24.75,0.2375,12.36,0.0,38.68,0.0,-549.53
53.96,48.85,31.06,25.49,0.475,12.36,0.0,43.42,0.0,-666.95
64.52,50.53,35.8,28.62,0.7125,12.36,0.0,48.16,0.0,-797.47
70.37,55.26,39.61,33.59,0.95,2.6,0.0,42.21,0.0,-183.11
64.82,60.64,40.11,38.17,1.0,0.0,0.0,40.11,0.0,0.0
59.67,61.82,39.51,39.06,1.0,0.0,12.36,27.15,0.0,737.64
59.29,61.55,39.16,38.35,0.7368,0.0,9.95,29.21,0.0,589.81
49.22,59.29,37.04,37.2,0.525,0.0,0.0,37.04,0.0,0.0
49.36,56.31,36.69,35.81,0.525,0.0,0.0,36.69,0.0,0.0
55.25,53.06,37.79,35.02,0.525,12.36,0.0,50.15,0.0,-682.89
65.02,54.78,38.32,34.77,0.7625,12.36,0.0,50.68,0.0,-803.65
72.98,57.06,38.85,33.53,1.0,0.0,0.0,38.85,0.0,0.0
75.0,61.84,39.04,30.56,1.0,0.0,0.0,39.04,0.0,0.0
80.43,70.24,40.0,30.84,1.0,0.0,0.0,40.0,0.0,0.0
99.61,80.6,41.26,32.29,1.0,0.0,12.36,28.9,0.0,1231.38
84.49,91.69,39.47,33.49,0.7368,0.0,12.36,27.11,0.0,1044.07
75.05,81.25,36.5,32.34,0.4737,0.0,12.36,24.14,0.0,927.77
63.99,73.01,32.86,30.45,0.2105,0.0,9.89,22.97,0.0,632.65
52.36,67.63,29.66,28.67,0.0,0.0,0.0,29.66,0.0,0.0
40.0,64.02,27.26,27.6,0.5,0.0,12.36,15.24,0.0,480.8
35.64,61.59,25.66,26.87,0.2368,0.0,11.12,15.75,0.0,353.33
32.07,59.22,24.84,25.5,-0.0,0.0,0.0,25.5,0.0,-21.17
31.82,57.08,24.4,25.23,-0.0,0.0,0.0,25.23,0.0,-26.41
33.19,53.56,24.55,25.53,0.0,0.0,0.0,25.53,0.0,-32.53
36.75,49.2,26.16,26.25,-0.0,12.36,0.0,38.61,0.0,-457.54
45.56,46.74,30.93,28.28,0.2375,12.36,0.0,40.64,0.0,-442.39
52.33,49.39,36.04,30.62,0.475,12.36,0.0,42.98,0.0,-363.17
69.69,54.2,40.08,33.04,0.7125,0.0,0.0,33.04,0.0,490.62
66.8,57.33,40.69,35.91,0.7125,0.0,12.36,23.55,0.0,1144.95
52.64,58.17,40.67,38.77,0.4493,0.0,12.36,26.41,0.0,750.65
53.96,55.83,40.4,40.46,0.1862,0.0,8.74,31.72,0.0,468.63
45.91,52.65,38.29,41.23,0.0,0.0,0.0,41.23,0.0,-134.98
46.1,48.77,38.06,41.15,-0.0,12.36,0.0,53.51,0.0,-712.24
51.08,45.56,39.29,40.1,0.2375,12.36,0.0,52.46,0.0,-672.72
55.67,44.11,39.93,39.61,0.475,12.36,0.0,51.97,0.0,-670.27
60.0,45.64,41.03,40.41,0.7125,12.36,0.0,52.77,0.0,-704.4
66.47,51.02,42.75,41.93,0.95,0.0,0.0,41.93,0.0,54.51
65.0,57.44,42.34,43.77,0.95,0.0,12.36,31.41,0.0,710.45
63.13,60.49,41.21,43.96,0.6868,0.0,12.36,31.6,0.0,606.68
53.92,58.6,38.59,42.66,0.4237,0.0,12.36,30.3,0.0,447.0
49.43,54.94,35.54,40.66,0.1605,0.0,7.54,33.12,0.0,119.6
46.0,51.93,31.96,37.76,-0.0,0.0,0.0,37.76,0.0,-266.8
43.19,48.67,28.95,34.46,0.0,0.0,-0.0,34.46,0.0,-237.98
46.84,49.5,25.27,31.54,0.5,0.0,9.98,15.29,0.0,467.5
42.72,45.5,23.47,29.34,0.2875,0.0,0.0,23.47,0.0,0.0
41.88,41.58,22.45,27.56,0.2875,12.36,0.0,34.81,0.0,-517.64
40.64,40.59,21.78,25.66,0.525,12.36,0.0,34.14,0.0,-502.31
40.33,42.31,21.65,25.48,0.7625,12.36,0.0,34.01,0.0,-498.48
40.22,46.08,21.93,26.08,1.0,0.0,0.0,21.93,0.0,0.0
41.08,51.22,22.7,27.43,1.0,0.0,0.0,22.7,0.0,0.0
43.1,61.19,23.64,30.81,1.0,0.0,0.0,23.64,0.0,0.0
42.91,71.36,25.21,34.35,1.0,0.0,0.0,25.21,0.0,0.0
44.11,78.92,26.99,38.57,1.0,0.0,12.36,14.63,0.0,545.29
45.94,75.48,27.68,40.85,0.7368,0.0,12.36,15.32,0.0,567.69
46.0,71.85,27.83,42.0,0.4737,0.0,0.0,27.83,0.0,0.0
45.69,65.66,27.88,42.44,0.4737,2.67,0.0,30.55,0.0,-121.98
44.66,59.86,26.38,41.64,0.525,12.36,0.0,38.74,0.0,-552.0
45.09,64.07,26.0,40.13,0.7625,12.36,0.0,38.36,0.0,-557.31
49.14,68.32,26.4,40.48,1.0,0.0,0.0,26.4,0.0,0.0
54.0,72.45,28.07,41.39,1.0,0.0,0.0,28.07,0.0,0.0
60.13,78.17,31.01,42.49,1.0,0.0,12.36,18.65,0.0,743.33
62.14,84.94,31.91,44.36,0.7368,0.0,12.36,19.55,0.0,767.88
63.88,86.76,32.65,43.84,0.4737,0.0,12.36,20.29,0.0,789.68
62.27,76.29,31.42,42.01,0.2105,0.0,9.89,21.53,0.0,615.65
57.55,71.49,29.9,39.21,0.0,0.0,0.0,29.9,0.0,0.0
52.33,68.61,27.84,36.18,0.0,0.0,0.0,27.84,0.0,0.0
47.32,64.44,25.35,33.02,0.0,0.0,0.0,25.35,0.0,0.0
56.84,61.75,27.78,31.9,0.5,0.0,0.0,27.78,0.0,0.0
53.86,69.35,26.01,28.8,0.5,0.0,12.36,13.65,0.0,665.82
47.94,63.92,24.72,25.97,0.2368,0.0,0.0,24.72,0.0,0.0
44.39,60.23,24.13,25.08,0.2368,12.36,0.0,36.49,0.0,-548.66
42.59,58.89,23.88,24.48,0.4743,12.36,0.0,36.24,0.0,-526.41
43.23,59.62,24.46,24.72,0.7118,12.36,0.0,36.82,0.0,-534.32
41.33,61.49,25.58,25.35,0.9493,2.64,0.0,28.22,0.0,-109.05
45.95,63.62,28.26,26.44,1.0,0.0,0.0,28.26,0.0,0.0
46.1,67.08,31.72,29.35,1.0,0.0,0.0,31.72,0.0,0.0
46.03,69.2,33.21,33.8,1.0,0.0,0.0,33.21,0.0,0.0
43.91,69.86,33.61,36.77,1.0,0.0,0.0,33.61,0.0,0.0
43.06,69.51,34.04,36.67,1.0,0.0,0.0,34.04,0.0,0.0
43.05,67.88,34.03,36.03,1.0,0.0,0.0,34.03,0.0,0.0
42.39,66.42,33.99,35.51,1.0,0.0,0.0,33.99,0.0,0.0
44.02,67.63,34.4,35.86,1.0,0.0,0.0,34.4,0.0,0.0
45.28,69.5,34.73,36.93,1.0,0.0,0.0,34.73,0.0,0.0
48.18,70.92,35.1,37.57,1.0,0.0,0.0,35.1,0.0,0.0
50.87,72.66,35.59,37.63,1.0,0.0,0.0,35.59,0.0,0.0
59.26,74.52,36.07,37.88,1.0,0.0,0.0,36.07,0.0,0.0
65.39,76.65,36.02,38.12,1.0,0.0,12.36,23.66,0.0,808.35
65.99,78.18,36.5,37.5,0.7368,0.0,12.36,24.14,0.0,815.46
64.98,77.27,35.47,37.23,0.4737,0.0,12.36,23.11,0.0,803.28
54.53,76.56,32.39,35.13,0.2105,0.0,9.89,22.5,0.0,539.13
47.06,74.06,29.26,31.96,0.0,0.0,0.0,29.26,0.0,0.0
42.54,65.01,26.46,31.53,0.5,0.0,0.0,31.53,0.0,-215.68
40.09,69.1,24.74,28.74,0.5,0.0,12.36,16.38,0.0,335.15
36.65,63.49,23.63,26.38,0.2368,0.0,0.0,26.38,0.0,-100.79
33.49,60.37,23.12,25.16,0.2368,12.36,0.0,37.52,0.0,-482.26
33.13,59.19,23.01,24.49,0.4743,12.36,0.0,36.85,0.0,-458.52
34.79,59.79,23.67,24.89,0.7118,12.36,0.0,37.25,0.0,-472.45
36.92,61.09,24.91,25.63,0.9493,2.64,0.0,28.27,0.0,-123.92
37.28,63.47,27.45,26.92,1.0,0.0,0.0,26.92,0.0,19.76
40.58,67.72,30.44,29.87,1.0,0.0,-0.0,29.87,0.0,23.13
40.41,70.24,31.85,34.27,1.0,0.0,0.0,34.27,0.0,-97.79
39.47,70.74,32.14,36.95,1.0,0.0,-0.0,36.95,0.0,-189.85
36.3,69.98,32.4,37.02,1.0,0.0,0.0,37.02,0.0,-167.71
35.51,68.61,32.17,36.51,1.0,0.0,0.0,36.51,0.0,-154.11
35.01,66.75,31.96,35.02,1.0,0.0,0.0,35.02,0.0,-107.13
35.51,67.7,32.13,33.44,1.0,0.0,0.0,33.44,0.0,-46.52
36.22,69.69,32.26,32.53,1.0,0.0,0.0,32.53,0.0,-9.78
37.57,71.19,32.72,31.36,1.0,0.0,-0.0,31.36,0.0,51.1
39.3,72.66,33.11,30.77,1.0,0.0,-0.0,30.77,0.0,91.96
44.02,74.43,33.57,30.42,1.0,0.0,0.0,30.42,0.0,138.66
47.73,76.52,33.56,32.24,1.0,0.0,12.36,19.88,0.0,652.95
58.56,78.88,34.08,34.78,0.7368,0.0,12.36,22.42,0.0,682.81
50.21,77.88,33.08,35.22,0.4737,0.0,12.36,22.86,0.0,513.15
45.96,75.94,30.19,34.18,0.2105,0.0,9.89,24.29,0.0,271.07
42.54,70.16,27.43,32.24,0.0,0.0,-0.0,32.24,0.0,-204.62
44.2,60.22,24.71,31.79,0.5,0.0,11.12,13.59,0.0,491.59
45.09,67.38,23.32,25.78,0.2632,0.0,12.36,10.96,0.0,557.4
40.41,58.69,22.19,24.06,0.0,0.0,0.0,22.19,0.0,0.0
37.59,51.52,21.62,22.52,0.0,0.0,0.0,21.62,0.0,0.0
37.68,46.91,21.3,21.73,0.0,12.36,0.0,33.66,0.0,-465.72
38.26,46.68,21.3,21.32,0.2375,12.36,0.0,33.66,0.0,-472.89
35.22,48.97,20.95,21.13,0.475,0.0,0.0,20.95,0.0,0.0
34.67,50.44,21.44,21.35,0.475,0.0,0.0,21.44,0.0,0.0
33.62,52.83,22.74,22.49,0.475,0.0,9.95,12.79,0.0,334.45
31.1,54.3,23.69,23.14,0.2632,0.0,12.36,11.33,0.0,384.46
30.36,51.29,24.08,23.24,0.0,0.0,0.0,24.08,0.0,0.0
29.62,49.05,24.4,22.57,0.0,0.0,0.0,24.4,0.0,0.0
28.0,46.1,24.34,22.36,0.0,2.6,0.0,26.94,0.0,-72.86
21.26,42.0,23.64,21.86,0.05,12.36,0.0,36.0,0.0,-262.77
20.0,40.09,23.32,22.19,0.2875,12.36,0.0,35.68,0.0,-247.2
27.03,41.29,23.23,22.46,0.525,12.36,0.0,35.59,0.0,-334.09
30.5,43.12,23.53,22.82,0.7625,12.36,0.0,35.89,0.0,-376.98
32.0,48.12,24.24,23.35,1.0,0.0,0.0,24.24,0.0,0.0
34.97,53.48,25.45,24.7,1.0,0.0,0.0,25.45,0.0,0.0
48.4,58.5,26.96,26.52,1.0,0.0,0.0,26.96,0.0,0.0
58.23,67.21,28.71,28.84,1.0,0.0,12.36,16.35,0.0,719.84
57.55,74.94,28.6,30.62,0.7368,0.0,12.36,16.24,0.0,711.16
51.78,65.63,26.73,29.86,0.4737,0.0,12.36,14.37,0.0,640.1
49.12,61.15,24.87,28.05,0.2105,0.0,9.89,14.98,0.0,485.64
45.34,62.74,24.42,32.77,0.5,0.0,11.12,21.65,0.0,125.77
44.59,66.08,22.97,26.75,0.2632,0.0,12.36,14.39,0.0,382.58
42.02,59.32,22.03,25.14,0.0,0.0,0.0,25.14,0.0,-130.68
37.93,55.25,21.54,24.02,-0.0,6.61,0.0,30.63,0.0,-344.71
37.88,53.01,21.45,22.98,0.127,12.36,0.0,35.34,0.0,-526.15
40.73,52.38,21.99,22.52,0.3645,12.36,0.0,34.88,0.0,-525.01
40.28,53.35,22.7,22.8,0.602,12.36,0.0,35.16,0.0,-501.89
42.42,58.3,24.31,24.14,0.8395,0.0,0.0,24.14,0.0,7.21
38.7,61.78,27.62,26.47,0.8395,0.0,12.36,14.11,0.0,522.84
39.18,63.05,29.12,27.12,0.5763,0.0,12.36,14.76,0.0,562.62
37.41,62.08,29.41,28.08,0.3132,0.0,12.36,15.72,0.0,512.14
36.26,59.39,29.59,29.86,0.05,0.0,0.0,29.86,0.0,-9.79
35.17,56.18,29.58,30.6,0.05,0.0,0.0,30.6,0.0,-35.87
33.9,52.52,29.38,30.05,0.05,12.36,0.0,42.41,0.0,-441.72
34.22,50.87,29.38,29.0,0.2875,12.36,0.0,41.36,0.0,-409.96
35.0,50.55,29.46,28.33,0.525,12.36,0.0,40.69,0.0,-393.05
36.6,53.04,29.86,28.57,0.7625,12.36,0.0,40.93,0.0,-405.16
38.59,56.88,30.52,30.42,1.0,0.0,0.0,30.42,0.0,3.86
42.57,60.72,31.43,33.4,1.0,0.0,0.0,33.4,0.0,-83.86
61.2,66.74,31.57,36.17,1.0,0.0,9.89,26.28,0.0,323.63
63.0,75.4,32.32,35.25,0.7895,0.0,12.36,22.89,0.0,594.09
61.03,77.08,31.21,35.64,0.5263,0.0,12.36,23.28,0.0,483.97
50.78,72.87,28.73,34.66,0.2632,0.0,12.36,22.3,0.0,326.52
46.43,64.93,26.42,32.45,-0.0,0.0,0.0,32.45,0.0,-279.97
44.41,71.91,25.1,33.17,0.5,0.0,12.36,12.74,0.0,549.0
40.28,65.5,23.55,26.27,0.2368,0.0,11.12,12.43,0.0,448.0
39.38,60.5,22.43,25.31,0.0,0.0,0.0,22.43,0.0,0.0
38.87,58.62,21.93,23.77,0.0,0.0,0.0,21.93,0.0,0.0
38.75,56.93,21.73,23.0,0.0,0.0,0.0,21.73,0.0,0.0
38.85,55.7,22.17,22.92,0.0,0.0,0.0,22.17,0.0,0.0
38.24,55.08,22.34,22.97,0.0,0.0,0.0,22.34,0.0,0.0
35.02,54.97,23.75,23.29,0.0,0.0,0.0,23.75,0.0,0.0
35.02,55.17,25.8,24.39,0.0,0.0,0.0,25.8,0.0,0.0
34.47,56.0,27.16,24.96,0.0,0.0,0.0,27.16,0.0,0.0
32.99,57.53,27.41,26.17,0.0,0.0,0.0,27.41,0.0,0.0
32.85,57.12,27.51,27.22,0.0,0.0,0.0,27.51,0.0,0.0
32.79,55.24,27.44,27.35,0.0,0.0,0.0,27.44,0.0,0.0
31.5,52.46,27.03,26.79,0.0,12.36,0.0,39.39,0.0,-389.34
31.94,49.18,26.83,26.03,0.2375,12.36,0.0,39.19,0.0,-394.78
32.87,45.52,26.83,25.32,0.475,12.36,0.0,39.19,0.0,-406.27
34.0,48.43,27.32,25.22,0.7125,12.36,0.0,39.68,0.0,-420.24
36.0,54.38,28.18,26.2,0.95,2.6,0.0,30.78,0.0,-93.68
45.36,56.36,29.68,27.4,1.0,0.0,0.0,29.68,0.0,0.0
62.7,59.45,30.87,28.95,1.0,0.0,0.0,30.87,0.0,0.0
63.39,66.87,31.57,31.55,1.0,0.0,9.89,21.68,0.0,626.72
62.87,71.81,30.42,33.39,0.7895,0.0,12.36,18.06,0.0,777.2
54.5,70.84,28.24,32.79,0.5263,0.0,12.36,15.88,0.0,673.47
46.78,68.37,26.07,30.64,0.2632,0.0,12.36,13.71,0.0,578.29
44.76,72.97,24.77,33.24,0.5,0.0,12.36,20.88,0.0,174.12
42.15,65.87,23.24,27.05,0.2368,0.0,11.12,15.93,0.0,308.29
39.73,59.08,22.06,25.94,0.0,0.0,0.0,25.94,0.0,-154.15
38.98,56.34,21.42,25.12,-0.0,-0.0,0.0,25.12,0.0,-144.23
33.97,54.89,21.08,24.36,0.0,0.0,0.0,24.36,0.0,-111.42
36.6,54.23,21.11,23.96,-0.0,0.0,0.0,23.96,0.0,-104.31
33.99,53.94,20.53,23.79,-0.0,0.0,0.0,23.79,0.0,-110.81
33.82,53.63,20.89,23.98,-0.0,0.0,0.0,23.98,0.0,-104.5
32.61,53.6,22.51,24.67,-0.0,2.6,0.0,27.27,0.0,-155.29
32.11,54.58,23.81,24.67,0.05,0.0,0.0,24.67,0.0,-27.61
32.99,56.59,24.51,25.5,0.05,0.0,0.0,25.5,0.0,-32.66
32.78,55.85,25.11,26.77,0.05,0.0,0.0,26.77,0.0,-54.41
32.24,54.27,25.43,27.24,0.05,0.0,0.0,27.24,0.0,-58.35
31.14,51.34,24.93,27.02,0.05,12.36,0.0,39.38,0.0,-449.97
31.15,47.34,24.56,26.46,0.2875,12.36,0.0,38.82,0.0,-444.2
32.99,47.28,24.51,26.19,0.525,12.36,0.0,38.55,0.0,-463.18
34.02,51.34,24.99,26.12,0.7625,12.36,0.0,38.48,0.0,-458.93
36.0,57.96,25.88,26.55,1.0,0.0,0.0,26.55,0.0,-24.12
38.17,62.5,27.36,27.61,1.0,-0.0,0.0,27.61,0.0,-9.54
50.13,65.06,28.98,29.27,1.0,0.0,0.0,29.27,0.0,-14.54
63.03,71.83,30.55,31.93,1.0,0.0,9.89,22.04,0.0,536.26
62.82,77.0,30.21,33.48,0.7895,0.0,12.36,21.12,0.0,571.03
52.55,75.5,28.16,32.55,0.5263,0.0,12.36,20.19,0.0,418.82
42.01,72.25,26.08,30.33,0.2632,0.0,12.36,17.97,0.0,340.7
43.27,70.44,24.94,33.89,0.5,0.0,12.36,21.53,0.0,147.55
40.1,60.89,23.46,25.21,0.2368,0.0,0.0,25.21,0.0,-70.17
39.87,56.8,22.6,24.24,0.2368,0.0,0.0,24.24,0.0,-65.39
35.93,55.13,22.14,24.33,0.2368,12.36,0.0,36.69,0.0,-522.78
36.11,54.46,22.2,23.85,0.4743,12.36,0.0,36.21,0.0,-505.9
37.78,55.14,23.29,23.68,0.7118,12.36,0.0,36.04,0.0,-481.7
43.75,56.56,25.09,23.54,0.9493,2.64,0.0,26.18,0.0,-47.53
44.67,58.57,28.12,24.3,1.0,0.0,0.0,24.3,0.0,170.64
44.68,61.21,32.1,26.18,1.0,0.0,0.0,26.18,0.0,264.51
40.62,62.46,33.67,26.96,1.0,0.0,0.0,26.96,0.0,272.56
38.92,62.26,34.12,28.11,1.0,0.0,0.0,28.11,0.0,233.91
38.9,61.92,34.61,29.78,1.0,0.0,0.0,29.78,0.0,187.89
38.0,62.69,34.46,30.27,1.0,0.0,-0.0,30.27,0.0,159.22
38.9,62.19,34.63,30.52,1.0,0.0,0.0,30.52,0.0,159.88
40.01,60.9,35.1,29.79,1.0,0.0,0.0,29.79,0.0,212.45
45.0,60.75,35.42,29.24,1.0,0.0,0.0,29.24,0.0,278.1
46.04,61.98,35.88,29.73,1.0,0.0,0.0,29.73,0.0,283.15
48.5,63.96,36.17,30.89,1.0,0.0,-0.0,30.89,0.0,256.08
61.23,66.67,36.48,32.24,1.0,0.0,0.0,32.24,0.0,259.62
66.86,70.96,36.2,33.31,1.0,0.0,0.0,33.31,0.0,193.23
69.82,77.84,36.85,35.12,1.0,0.0,12.36,22.76,0.0,983.76
65.66,79.14,35.57,35.55,0.7368,0.0,12.36,23.19,0.0,812.87
58.87,76.8,32.72,34.57,0.4737,0.0,12.36,22.21,0.0,618.72
52.48,73.04,30.09,32.34,0.2105,0.0,9.89,22.45,0.0,400.84
46.79,67.13,27.47,32.57,0.5,0.0,0.0,27.47,0.0,0.0
41.22,68.8,25.81,29.37,0.5,0.0,9.98,15.83,0.0,411.4
39.98,63.33,24.64,26.62,0.2875,0.0,0.0,24.64,0.0,0.0
39.84,60.28,24.18,25.24,0.2875,12.36,0.0,36.54,0.0,-492.42
39.81,59.51,24.17,24.22,0.525,12.36,0.0,36.53,0.0,-492.05
40.28,60.56,25.11,24.28,0.7625,12.36,0.0,37.47,0.0,-497.86
42.69,62.17,26.61,24.92,1.0,0.0,0.0,26.61,0.0,0.0
43.24,64.91,29.53,25.81,1.0,0.0,0.0,29.53,0.0,0.0
45.22,68.88,33.36,28.3,1.0,0.0,0.0,33.36,0.0,0.0
45.77,71.27,34.95,33.32,1.0,0.0,0.0,34.95,0.0,0.0
43.3,71.66,35.33,36.89,1.0,0.0,0.0,35.33,0.0,0.0
42.14,71.01,35.84,37.07,1.0,0.0,0.0,35.84,0.0,0.0
40.28,69.36,35.54,36.32,1.0,0.0,0.0,35.54,0.0,0.0
39.72,67.66,35.58,35.67,1.0,0.0,0.0,35.58,0.0,0.0
39.86,68.56,36.12,35.32,1.0,0.0,0.0,36.12,0.0,0.0
41.83,70.6,36.48,35.58,1.0,0.0,0.0,36.48,0.0,0.0
47.67,72.18,36.84,35.95,1.0,0.0,0.0,36.84,0.0,0.0
49.6,73.65,36.98,35.44,1.0,0.0,0.0,36.98,0.0,0.0
58.63,75.34,37.3,33.7,1.0,0.0,0.0,37.3,0.0,0.0
61.87,77.37,36.96,33.46,1.0,0.0,12.36,24.6,0.0,764.84
65.78,79.24,37.48,35.86,0.7368,0.0,12.36,25.12,0.0,812.86
59.73,78.41,36.09,36.0,0.4737,0.0,12.36,23.73,0.0,738.38
53.05,76.94,33.19,34.46,0.2105,0.0,9.89,23.3,0.0,524.49
50.31,74.55,30.33,32.12,0.0,0.0,0.0,30.33,0.0,0.0
46.2,67.87,27.9,33.09,0.5,0.0,0.0,27.9,0.0,0.0
40.64,70.96,26.36,29.74,0.5,0.0,12.36,14.0,0.0,502.39
41.37,65.87,25.2,26.97,0.2368,0.0,0.0,25.2,0.0,0.0
40.98,61.6,24.61,25.47,0.2368,12.36,0.0,36.97,0.0,-506.51
41.01,60.33,24.42,24.38,0.4743,12.36,0.0,36.78,0.0,-506.88
40.6,61.01,25.26,24.36,0.7118,12.36,0.0,37.62,0.0,-501.82
42.26,62.33,27.11,24.99,0.9493,2.64,0.0,29.75,0.0,-111.5
42.27,64.87,29.65,25.86,1.0,0.0,0.0,29.65,0.0,0.0
44.8,69.01,33.62,28.18,1.0,0.0,0.0,33.62,0.0,0.0
46.61,71.51,35.22,32.81,1.0,0.0,0.0,35.22,0.0,0.0
42.31,71.66,35.69,37.05,1.0,0.0,0.0,35.69,0.0,0.0
40.42,70.55,36.08,37.43,1.0,0.0,0.0,36.08,0.0,0.0
39.51,69.0,35.85,36.93,1.0,0.0,0.0,35.85,0.0,0.0
39.62,67.49,35.79,36.05,1.0,0.0,0.0,35.79,0.0,0.0
39.57,68.45,36.21,35.49,1.0,0.0,0.0,36.21,0.0,0.0
42.06,70.47,36.48,35.28,1.0,0.0,0.0,36.48,0.0,0.0
44.26,72.07,36.87,35.62,1.0,0.0,0.0,36.87,0.0,0.0
51.83,73.62,37.06,35.93,1.0,0.0,0.0,37.06,0.0,0.0
55.22,75.42,37.46,36.47,1.0,0.0,0.0,37.46,0.0,0.0
66.14,77.75,37.09,34.36,1.0,0.0,12.36,24.73,0.0,817.62
66.96,79.56,37.65,35.94,0.7368,0.0,12.36,25.29,0.0,827.44
58.32,78.64,35.83,36.05,0.4737,0.0,12.36,23.47,0.0,720.95
48.33,77.34,32.97,34.32,0.2105,0.0,9.89,23.08,0.0,477.83
45.32,75.14,30.2,31.99,0.0,0.0,0.0,30.2,0.0,0.0
43.92,66.47,28.05,37.37,0.5,2.64,0.0,30.69,0.0,-115.88
39.06,75.0,26.43,31.49,0.5507,0.0,12.36,14.07,0.0,482.86
37.86,71.48,25.37,29.53,0.2875,0.0,0.0,25.37,0.0,0.0
38.67,68.88,24.7,28.21,0.2875,0.0,0.0,24.7,0.0,0.0
38.08,66.86,24.55,27.6,0.2875,0.0,0.0,24.55,0.0,0.0
37.82,64.41,25.48,27.18,0.2875,12.36,0.0,37.84,0.0,-467.46
41.56,64.1,27.42,26.82,0.525,12.36,0.0,39.78,0.0,-513.68
42.39,65.69,30.14,27.23,0.7625,12.36,0.0,42.5,0.0,-523.94
45.01,68.27,33.81,30.16,1.0,0.0,0.0,33.81,0.0,0.0
44.99,70.1,35.31,34.37,1.0,0.0,0.0,35.31,0.0,0.0
43.67,73.5,35.77,37.52,1.0,0.0,0.0,35.77,0.0,0.0
41.58,73.67,36.1,37.86,1.0,0.0,0.0,36.1,0.0,0.0
40.19,72.99,35.74,37.27,1.0,0.0,0.0,35.74,0.0,0.0
39.7,71.79,35.79,36.4,1.0,0.0,0.0,35.79,0.0,0.0
42.14,70.24,36.28,36.33,1.0,0.0,0.0,36.28,0.0,0.0
44.14,69.7,36.48,37.19,1.0,0.0,0.0,36.48,0.0,0.0
45.94,72.37,36.74,38.54,1.0,0.0,0.0,36.74,0.0,0.0
48.38,74.65,36.9,38.15,1.0,0.0,0.0,36.9,0.0,0.0
59.91,76.96,37.28,37.42,1.0,0.0,0.0,37.28,0.0,0.0
65.91,79.4,37.01,36.93,1.0,0.0,9.89,27.12,0.0,651.64
65.78,81.68,37.99,36.28,0.7895,0.0,12.36,25.63,0.0,813.17
61.4,81.34,35.88,36.97,0.5263,0.0,12.36,23.52,0.0,758.74
47.96,80.64,32.87,35.49,0.2632,0.0,12.36,20.51,0.0,592.88
44.31,77.06,30.15,32.49,0.0,0.0,0.0,30.15,0.0,0.0
43.31,69.52,28.26,37.5,0.5,0.0,0.0,28.26,0.0,0.0
41.99,73.17,26.68,31.66,0.5,0.0,0.0,26.68,0.0,0.0
38.72,71.98,25.5,29.99,0.5,0.0,0.0,25.5,0.0,0.0
37.11,71.0,24.92,28.91,0.5,11.71,0.0,36.63,0.0,-434.54
37.39,70.23,24.83,28.71,0.725,11.71,0.0,36.54,0.0,-437.82
38.19,70.14,25.76,28.94,0.95,2.6,0.0,28.36,0.0,-99.37
40.0,70.54,27.71,29.24,1.0,0.0,0.0,27.71,0.0,0.0
40.78,71.13,30.31,29.84,1.0,0.0,0.0,30.31,0.0,0.0
44.95,71.79,34.0,32.2,1.0,0.0,0.0,34.0,0.0,0.0
45.32,71.98,35.6,36.93,1.0,0.0,0.0,35.6,0.0,0.0
45.11,72.53,36.04,40.27,1.0,0.0,0.0,36.04,0.0,0.0
44.25,72.98,36.35,39.93,1.0,0.0,0.0,36.35,0.0,0.0
43.8,72.78,35.86,39.15,1.0,0.0,0.0,35.86,0.0,0.0
43.44,71.56,35.81,38.65,1.0,0.0,12.35,23.46,0.0,536.6
43.15,69.5,36.12,38.05,0.737,0.0,12.35,23.77,0.0,533.01
46.86,68.36,36.24,38.05,0.474,0.0,12.35,23.89,0.0,578.84
46.88,72.12,36.5,38.84,0.211,0.0,9.91,26.59,0.0,464.59
51.01,74.85,36.7,38.43,0.0,0.0,0.0,36.7,0.0,0.0
65.85,77.44,37.17,38.18,0.0,0.0,0.0,37.17,0.0,0.0
66.36,80.5,36.88,38.08,0.0,0.0,0.0,36.88,0.0,0.0
66.59,83.36,37.86,36.79,0.0,0.0,0.0,37.86,0.0,0.0
62.51,83.78,35.68,36.67,0.0,0.0,0.0,35.68,0.0,0.0
50.72,79.33,32.78,34.44,0.0,0.0,0.0,32.78,0.0,0.0
44.98,74.14,30.16,31.58,0.0,0.0,0.0,30.16,0.0,0.0
47.86,68.94,27.82,38.2,0.5,0.0,11.12,27.08,0.0,35.61
49.68,70.51,26.18,30.27,0.2632,0.0,12.36,17.91,0.0,410.85
46.94,68.79,25.02,27.58,-0.0,0.0,0.0,27.58,0.0,-120.17
43.46,67.03,24.38,25.3,-0.0,0.0,0.0,25.3,0.0,-39.98
42.59,65.09,24.08,24.36,0.0,0.0,0.0,24.36,0.0,-11.93
44.16,63.6,24.48,23.91,-0.0,0.0,0.0,23.91,0.0,25.17
42.37,62.75,25.06,23.79,-0.0,0.0,0.0,23.79,0.0,53.81
43.33,62.13,26.34,23.92,-0.0,0.0,0.0,23.92,0.0,104.86
45.49,61.73,28.49,25.64,-0.0,0.0,0.0,25.64,0.0,129.65
42.52,61.64,29.98,28.06,-0.0,0.0,0.0,28.06,0.0,81.64
41.38,61.45,30.33,30.14,-0.0,0.0,0.0,30.14,0.0,7.86
37.1,60.36,30.3,31.65,-0.0,-0.0,0.0,31.65,0.0,-50.08
37.03,59.04,30.04,32.04,0.0,12.36,0.0,44.4,0.0,-531.75
35.48,58.85,29.49,31.05,0.2375,12.36,0.0,43.41,0.0,-493.88
35.28,59.79,29.22,30.1,0.475,12.36,0.0,42.46,0.0,-467.11
38.7,60.0,29.25,30.44,0.7125,2.6,0.0,33.04,0.0,-146.75
39.79,59.7,29.67,30.78,0.7625,12.36,0.0,43.14,0.0,-535.97
41.8,61.16,30.55,31.16,1.0,0.0,0.0,31.16,0.0,-25.5
52.68,63.86,31.78,31.13,1.0,0.0,0.0,31.13,0.0,34.24
60.23,68.02,32.86,31.57,1.0,0.0,0.0,31.57,0.0,77.7
61.83,73.37,34.08,33.83,1.0,0.0,12.36,21.47,0.0,779.68
59.67,76.35,32.15,34.89,0.7368,0.0,12.36,22.53,0.0,574.03
48.39,74.02,29.88,33.45,0.4737,0.0,12.36,21.09,0.0,425.35
41.72,70.51,27.65,30.47,0.2105,0.0,9.89,20.58,0.0,294.88
46.03,70.38,26.54,38.15,0.5,0.0,0.0,38.15,0.0,-534.41
49.2,72.31,24.98,30.43,0.5,0.0,12.36,18.07,0.0,339.97
45.83,71.27,23.78,27.73,0.2368,0.0,11.12,16.61,0.0,328.78
47.43,70.11,23.17,25.47,-0.0,0.0,0.0,25.47,0.0,-109.09
46.83,69.18,22.72,24.5,0.0,0.0,-0.0,24.5,0.0,-83.36
47.09,68.28,22.81,24.04,0.0,0.0,-0.0,24.04,0.0,-57.92
40.63,67.59,22.64,23.92,-0.0,0.0,0.0,23.92,0.0,-52.01
35.6,66.01,22.77,24.09,-0.0,0.0,0.0,24.09,0.0,-46.99
35.84,64.67,24.29,25.95,0.0,0.0,0.0,25.95,0.0,-59.49
37.29,64.51,25.51,27.58,-0.0,0.0,0.0,27.58,0.0,-77.19
39.52,63.9,26.19,28.34,-0.0,0.0,0.0,28.34,0.0,-84.97
38.04,62.37,26.65,28.11,-0.0,0.0,0.0,28.11,0.0,-55.54
36.83,59.91,26.8,27.24,-0.0,12.36,0.0,39.6,0.0,-471.42
35.93,57.16,26.1,26.91,0.2375,12.36,0.0,39.27,0.0,-473.2
35.9,56.35,25.65,26.91,0.475,12.36,0.0,39.27,0.0,-488.96
36.67,58.55,25.73,27.12,0.7125,12.36,0.0,39.48,0.0,-504.21
40.0,60.55,26.19,27.52,0.95,2.6,0.0,30.12,0.0,-157.28
40.08,63.31,27.12,28.11,1.0,0.0,0.0,28.11,0.0,-39.68
47.88,66.75,28.58,28.91,1.0,0.0,0.0,28.91,0.0,-15.8
59.54,71.62,30.23,30.25,1.0,0.0,9.89,20.36,0.0,587.54
64.91,76.56,32.3,32.17,0.7895,0.0,12.36,19.81,0.0,810.73
58.89,78.63,31.11,33.04,0.5263,0.0,12.36,20.68,0.0,614.22
52.46,75.39,29.26,32.23,0.2632,0.0,12.36,19.87,0.0,492.6
46.59,70.91,27.16,29.77,-0.0,0.0,0.0,29.77,0.0,-121.6
45.19,74.26,26.16,36.87,0.5,0.0,0.0,26.16,0.0,0.0
42.08,71.47,24.73,31.27,0.5,0.0,0.0,24.73,0.0,0.0
40.49,70.45,23.76,29.7,0.5,0.0,0.0,23.76,0.0,0.0
40.52,69.12,23.49,28.68,0.5,0.0,0.0,23.49,0.0,0.0
39.95,68.14,23.51,28.51,0.5,0.0,0.0,23.51,0.0,0.0
41.32,68.38,25.03,28.78,0.5,0.0,0.0,25.03,0.0,0.0
51.64,69.61,28.12,29.25,0.5,0.0,0.0,28.12,0.0,0.0
47.51,69.3,31.43,30.24,0.5,0.0,0.0,31.43,0.0,0.0
54.76,69.36,35.97,33.05,0.5,0.0,0.0,35.97,0.0,0.0
50.74,69.87,37.47,36.51,0.5,0.0,0.0,37.47,0.0,0.0
48.18,69.99,37.84,37.3,0.5,0.0,0.0,37.84,0.0,0.0
47.79,69.28,38.13,36.26,0.5,0.0,0.0,38.13,0.0,0.0
44.13,67.56,37.36,34.67,0.5,1.3,0.0,38.66,0.0,-57.42
43.59,64.96,37.66,32.86,0.525,12.36,0.0,50.02,0.0,-538.77
49.63,64.44,38.57,32.1,0.7625,12.36,0.0,50.93,0.0,-613.43
53.45,71.05,39.1,32.82,1.0,0.0,0.0,39.1,0.0,0.0
57.78,73.57,39.6,35.18,1.0,0.0,0.0,39.6,0.0,0.0
67.07,74.7,39.48,35.21,1.0,0.0,0.0,39.48,0.0,0.0
69.52,76.01,39.45,35.49,1.0,0.0,0.0,39.45,0.0,0.0
75.06,79.1,39.16,36.1,1.0,0.0,9.89,29.27,0.0,742.1
68.98,80.79,40.06,36.04,0.7895,0.0,12.36,27.7,0.0,852.73
69.84,80.19,37.81,36.21,0.5263,0.0,12.36,25.45,0.0,863.03
59.13,79.83,34.59,34.34,0.2632,0.0,12.36,22.23,0.0,730.96
52.68,77.85,31.73,31.5,0.0,0.0,0.0,31.73,0.0,0.0
56.69,67.46,30.21,33.01,0.5,0.0,0.0,30.21,0.0,0.0
50.84,67.82,28.49,27.12,0.5,0.0,0.0,28.49,0.0,0.0
49.95,64.08,27.33,25.25,0.5,0.0,0.0,27.33,0.0,0.0
49.5,62.06,26.78,24.51,0.5,1.3,0.0,28.08,0.0,-64.4
49.36,61.1,26.76,24.13,0.525,12.36,0.0,39.12,0.0,-610.09
50.16,61.3,27.75,24.75,0.7625,12.36,0.0,40.11,0.0,-619.98
60.7,62.38,30.58,25.67,1.0,0.0,0.0,30.58,0.0,0.0
59.05,64.79,33.92,26.88,1.0,0.0,0.0,33.92,0.0,0.0
70.61,69.48,38.44,29.8,1.0,0.0,0.0,38.44,0.0,0.0
60.6,72.72,39.99,33.04,1.0,0.0,12.36,27.63,0.0,749.14
58.44,72.29,40.28,36.65,0.7368,0.0,9.95,30.33,0.0,581.35
59.76,69.73,40.65,37.82,0.525,0.0,0.0,40.65,0.0,0.0
50.76,67.4,39.54,37.02,0.525,0.0,0.0,39.54,0.0,0.0
50.9,65.15,39.78,35.69,0.525,12.36,0.0,52.14,0.0,-629.12
60.46,64.87,40.53,34.81,0.7625,12.36,0.0,52.89,0.0,-747.29
60.73,66.67,41.07,34.81,1.0,0.0,0.0,41.07,0.0,0.0
72.78,69.38,41.62,35.68,1.0,0.0,0.0,41.62,0.0,0.0
73.92,72.14,41.51,36.6,1.0,0.0,0.0,41.51,0.0,0.0
75.16,75.2,41.38,37.14,1.0,0.0,0.0,41.38,0.0,0.0
75.68,78.38,40.93,35.13,1.0,0.0,12.36,28.57,0.0,935.55
87.49,79.94,41.64,35.9,0.7368,0.0,12.36,29.28,0.0,1081.14
75.3,78.83,39.27,35.94,0.4737,0.0,12.36,26.91,0.0,930.86
68.89,77.07,36.1,34.16,0.2105,0.0,9.89,26.21,0.0,681.1
62.23,72.67,33.17,31.82,0.0,0.0,0.0,33.17,0.0,0.0
60.31,64.59,31.26,32.95,0.5,0.0,0.0,31.26,0.0,0.0
53.77,62.95,29.47,26.76,0.5,0.0,0.0,29.47,0.0,0.0
49.31,61.42,28.39,25.52,0.5,0.0,0.0,28.39,0.0,0.0
50.09,59.28,27.95,24.94,0.5,1.3,0.0,29.25,0.0,-65.17
50.09,58.27,27.9,24.36,0.525,12.36,0.0,40.26,0.0,-619.11
53.08,58.35,29.12,24.63,0.7625,12.36,0.0,41.48,0.0,-656.07
60.71,59.59,31.92,25.28,1.0,0.0,0.0,31.92,0.0,0.0
66.57,62.49,35.29,26.17,1.0,0.0,0.0,35.29,0.0,0.0
73.87,67.48,39.88,28.18,1.0,0.0,0.0,39.88,0.0,0.0
74.44,72.75,41.46,30.27,1.0,0.0,0.0,41.46,0.0,0.0
72.88,73.6,41.93,30.88,1.0,0.0,0.0,41.93,0.0,0.0
72.85,71.37,42.3,31.09,1.0,0.0,0.0,42.3,0.0,0.0
72.88,70.21,41.41,31.51,1.0,0.0,0.0,41.41,0.0,0.0
73.31,68.63,41.64,31.55,1.0,0.0,0.0,41.64,0.0,0.0
75.05,67.74,42.38,31.6,1.0,0.0,0.0,42.38,0.0,0.0
80.01,68.16,42.78,32.04,1.0,0.0,0.0,42.78,0.0,0.0
86.39,69.5,43.11,32.63,1.0,0.0,0.0,43.11,0.0,0.0
89.08,71.41,42.93,32.67,1.0,0.0,0.0,42.93,0.0,0.0
77.04,74.08,42.59,33.02,1.0,0.0,0.0,42.59,0.0,0.0
82.33,77.41,42.09,34.64,1.0,0.0,9.89,32.2,0.0,813.98
90.01,80.25,42.73,36.49,0.7895,0.0,12.36,30.37,0.0,1112.7
76.23,80.0,40.42,36.72,0.5263,0.0,12.36,28.06,0.0,942.0
75.45,77.43,37.18,34.72,0.2632,0.0,12.36,24.82,0.0,932.71
66.63,73.31,34.23,31.92,0.0,0.0,0.0,34.23,0.0,0.0
54.63,67.48,31.99,33.26,0.5,0.0,12.36,20.9,0.0,605.85
46.99,66.01,30.17,25.37,0.2368,0.0,0.0,25.37,0.0,225.55
46.42,63.21,29.02,23.55,0.2368,0.0,0.0,23.55,0.0,253.92
47.56,61.12,28.5,22.89,0.2368,0.0,0.0,22.89,0.0,266.81
47.55,59.5,28.48,22.83,0.2368,12.36,0.0,35.19,0.0,-319.06
47.51,58.83,29.51,23.33,0.4743,12.36,0.0,35.69,0.0,-293.61
54.13,59.07,32.33,24.11,0.7118,12.36,0.0,36.47,0.0,-224.1
58.49,60.12,35.91,25.33,0.9493,2.64,0.0,27.97,0.0,464.62
71.6,62.12,40.69,28.24,1.0,0.0,0.0,28.24,0.0,891.42
73.52,64.38,42.53,32.26,1.0,0.0,0.0,32.26,0.0,755.05
65.89,65.83,42.92,35.13,1.0,0.0,0.0,35.13,0.0,513.28
66.23,65.39,43.25,34.85,1.0,0.0,0.0,34.85,0.0,556.33
63.6,64.42,42.23,33.59,1.0,0.0,0.0,33.59,0.0,549.5
64.77,63.36,42.34,33.63,1.0,0.0,0.0,33.63,0.0,564.15
72.7,62.35,42.91,34.01,1.0,0.0,0.0,34.01,0.0,647.03
73.87,62.04,43.33,34.86,1.0,0.0,0.0,34.86,0.0,625.68
73.92,62.45,43.65,36.86,1.0,0.0,0.0,36.86,0.0,501.92
82.15,64.06,43.39,37.34,1.0,0.0,0.0,37.34,0.0,497.01
82.06,66.57,43.08,37.02,1.0,0.0,0.0,37.02,0.0,497.28
82.29,69.71,42.56,36.19,1.0,0.0,0.0,36.19,0.0,524.19
87.57,72.48,43.23,36.19,1.0,0.0,12.36,23.83,0.0,1698.86
77.73,73.76,40.94,36.82,0.7368,0.0,12.36,24.46,0.0,1280.99
72.95,72.25,37.66,35.07,0.4737,0.0,12.36,22.71,0.0,1090.6
60.68,70.19,34.63,32.39,0.2105,0.0,9.89,22.5,0.0,735.93
50.12,68.27,31.81,33.59,0.5,0.0,11.12,22.47,0.0,468.32
46.62,68.73,29.95,25.67,0.2632,0.0,12.36,13.31,0.0,775.76
46.68,66.69,28.8,23.71,-0.0,0.0,0.0,23.71,0.0,237.6
44.12,64.61,28.31,23.02,-0.0,0.0,0.0,23.02,0.0,233.39
43.95,62.59,28.26,22.97,0.0,0.0,0.0,22.97,0.0,232.5
47.15,61.3,29.27,23.43,-0.0,2.6,0.0,26.03,0.0,152.67
50.49,61.1,32.08,24.2,0.05,12.36,0.0,36.56,0.0,-226.2
55.54,62.04,35.6,25.36,0.2875,0.0,0.0,25.36,0.0,568.73
62.77,63.49,40.41,28.17,0.2875,0.0,0.0,28.17,0.0,768.3
63.72,65.42,41.98,31.22,0.2875,0.0,0.0,31.22,0.0,685.63
60.78,66.13,42.4,32.26,0.2875,0.0,0.0,32.26,0.0,616.31
60.48,65.84,42.68,31.88,0.2875,0.0,0.0,31.88,0.0,653.18
54.82,64.67,41.59,31.43,0.2875,0.0,0.0,31.43,0.0,556.97
55.95,62.7,41.6,30.69,0.2875,0.0,0.0,30.69,0.0,610.41
61.2,61.18,42.18,29.92,0.2875,12.36,0.0,42.28,0.0,-6.12
68.86,60.15,42.48,30.53,0.525,12.36,0.0,42.89,0.0,-28.23
70.33,60.55,42.48,32.68,0.7625,12.36,0.0,45.04,0.0,-180.04
71.43,62.56,42.24,33.64,1.0,0.0,0.0,33.64,0.0,614.3
72.43,65.87,41.83,34.79,1.0,0.0,0.0,34.79,0.0,509.91
75.08,70.17,41.12,36.26,1.0,0.0,0.0,36.26,0.0,364.89
76.14,73.79,41.46,38.1,1.0,0.0,12.36,25.74,0.0,1196.92
73.77,74.84,39.21,37.82,0.7368,0.0,12.36,25.46,0.0,1014.34
61.58,73.78,36.05,35.52,0.4737,0.0,12.36,23.16,0.0,793.77
55.08,70.85,33.37,32.39,0.2105,0.0,9.89,22.5,0.0,598.61
60.72,63.37,31.25,33.91,0.5,0.0,0.0,31.25,0.0,0.0
50.4,74.24,29.37,25.61,0.5,0.0,12.36,17.01,0.0,623.04
47.67,69.79,28.1,24.26,0.2368,0.0,11.12,16.98,0.0,530.19
46.97,65.89,27.43,23.24,0.0,0.0,0.0,27.43,0.0,0.0
45.0,63.35,27.1,22.92,0.0,0.0,0.0,27.1,0.0,0.0
45.61,61.1,27.34,22.95,0.0,0.0,0.0,27.34,0.0,0.0
45.0,59.47,28.02,23.13,0.0,12.36,0.0,40.38,0.0,-556.2
45.12,58.68,29.36,23.38,0.2375,12.36,0.0,41.72,0.0,-557.68
48.97,58.46,31.69,24.55,0.475,12.36,0.0,44.05,0.0,-605.27
46.0,59.6,33.17,26.55,0.7125,0.0,0.0,33.17,0.0,0.0
45.39,60.47,33.65,28.63,0.7125,0.0,0.0,33.65,0.0,0.0
45.26,60.37,33.49,29.38,0.7125,0.0,0.0,33.49,0.0,0.0
44.14,60.12,33.06,29.3,0.7125,0.0,0.0,33.06,0.0,0.0
42.85,59.69,32.3,28.95,0.7125,0.0,0.0,32.3,0.0,0.0
43.61,59.64,31.92,29.4,0.7125,0.0,0.0,31.92,0.0,0.0
45.12,59.54,31.84,30.09,0.7125,2.6,0.0,34.44,0.0,-117.41
49.22,59.38,32.32,31.24,0.7625,12.36,0.0,44.68,0.0,-608.36
51.76,60.91,33.24,31.79,1.0,0.0,0.0,33.24,0.0,0.0
60.3,64.39,34.27,31.88,1.0,0.0,0.0,34.27,0.0,0.0
61.8,69.88,35.17,32.79,1.0,0.0,9.89,25.28,0.0,611.0
71.76,74.17,36.14,33.81,0.7895,0.0,12.36,23.78,0.0,887.1
60.66,74.46,34.38,33.88,0.5263,0.0,12.36,22.02,0.0,749.59
52.81,71.45,32.22,31.85,0.2632,0.0,12.36,19.86,0.0,652.84
47.18,67.71,29.8,28.83,0.0,0.0,0.0,29.8,0.0,0.0
62.11,56.3,28.65,30.06,0.5,0.0,12.36,17.7,0.0,680.1
61.14,50.58,27.0,26.85,0.2368,0.0,8.78,18.07,0.0,545.71
60.13,45.3,26.1,25.5,0.05,12.36,0.0,37.86,0.0,-707.13
61.0,37.66,25.68,24.57,0.2875,12.36,0.0,36.93,0.0,-686.25
61.3,33.35,25.99,23.4,0.525,12.36,0.0,35.76,0.0,-598.9
62.26,42.46,27.7,23.17,0.7625,12.36,0.0,35.53,0.0,-487.5
65.99,53.07,32.81,24.14,1.0,-0.0,0.0,24.14,0.0,572.13
72.91,65.08,38.89,24.6,1.0,0.0,0.0,24.6,0.0,1041.88
79.38,73.85,43.53,24.67,1.0,0.0,12.36,12.31,0.0,2478.24
81.09,73.95,44.82,26.21,0.7368,0.0,12.36,13.85,0.0,2511.36
74.31,70.96,44.37,28.84,0.4737,0.0,12.36,16.48,0.0,2072.51
71.88,68.56,43.83,31.51,0.2105,0.0,9.89,21.62,0.0,1596.31
66.72,66.08,41.46,33.5,0.0,0.0,0.0,33.5,0.0,531.09
66.4,60.97,40.96,32.22,-0.0,-0.0,0.0,32.22,0.0,580.34
69.89,53.03,42.26,30.21,0.0,12.36,0.0,42.57,0.0,-21.67
72.88,52.05,43.05,29.02,0.2375,12.36,0.0,41.38,0.0,121.71
78.81,54.07,44.55,28.88,0.475,12.36,0.0,41.24,0.0,260.86
85.25,56.69,46.58,30.86,0.7125,0.0,0.0,30.86,0.0,1340.13
85.09,58.85,46.09,36.49,0.7125,0.0,0.0,36.49,0.0,816.86
82.46,59.52,44.71,45.67,0.7125,0.0,0.0,45.67,0.0,-79.16
76.54,60.09,42.0,44.28,0.7125,0.0,8.74,35.54,0.0,494.81
68.06,65.14,39.02,41.49,0.5263,0.0,12.36,29.13,0.0,673.11
64.12,62.82,34.9,38.46,0.2632,0.0,12.36,26.1,0.0,564.26
61.49,59.33,31.28,35.32,0.0,0.0,-0.0,35.32,0.0,-248.42
67.38,55.18,27.97,31.61,0.5,0.0,9.39,18.58,0.0,632.94
66.15,50.99,26.39,28.72,0.3,0.0,9.39,17.0,0.0,621.39
63.78,48.34,25.4,26.64,0.1,10.41,0.0,35.81,0.0,-663.85
62.32,46.16,24.87,26.05,0.3,10.41,0.0,35.28,0.0,-648.65
62.26,44.53,24.91,26.35,0.5,10.41,0.0,35.32,0.0,-648.03
60.84,45.4,25.56,26.6,0.7,10.41,0.0,35.97,0.0,-633.25
68.2,47.71,28.14,28.66,0.9,5.2,0.0,33.34,0.0,-354.93
79.0,51.73,31.56,32.45,1.0,0.0,9.39,22.17,0.0,742.09
81.25,55.53,34.04,35.48,0.8,0.0,9.39,24.65,0.0,763.23
76.48,55.68,35.36,38.15,0.6,0.0,9.39,25.97,0.0,718.42
61.9,53.88,34.77,39.13,0.4,0.0,9.39,25.38,0.0,581.46
57.46,51.1,33.75,40.29,0.2,10.41,0.0,44.16,0.0,-598.07
53.95,48.08,31.8,40.54,0.4,10.41,0.0,42.21,0.0,-561.53
51.72,45.86,30.31,39.25,0.6,10.41,0.0,40.72,0.0,-538.32
51.72,46.17,30.09,38.31,0.8,10.41,0.0,40.5,0.0,-538.32
53.53,49.34,30.48,38.75,1.0,0.0,9.39,21.09,0.0,502.84
60.37,53.61,31.6,39.39,0.8,0.0,9.39,22.21,0.0,567.09
75.94,57.96,34.73,39.87,0.6,0.0,9.39,25.34,0.0,713.35
82.59,63.51,37.73,41.69,0.4,0.0,9.39,28.34,0.0,775.82
83.05,67.09,37.87,42.2,0.2,0.0,9.39,28.48,0.0,780.14
79.27,62.9,35.28,40.55,0.0,0.0,0.0,35.28,0.0,0.0
67.65,58.95,32.57,38.81,0.0,0.0,0.0,32.57,0.0,0.0
59.17,57.13,29.92,36.21,0.0,0.0,0.0,29.92,0.0,0.0
54.72,58.55,27.41,32.5,0.0,0.0,0.0,27.41,0.0,0.0
57.94,54.09,27.76,28.79,0.5,0.0,12.36,16.43,0.0,656.46
55.0,44.51,25.97,25.31,0.2368,0.0,11.12,14.19,0.0,648.12
52.66,36.76,24.87,24.21,0.0,12.36,0.0,36.57,0.0,-616.12
51.82,35.95,24.42,23.36,0.2375,12.36,0.0,35.72,0.0,-585.57
49.65,36.64,24.32,23.64,0.475,12.36,0.0,36.0,0.0,-579.91
52.66,37.5,25.19,23.62,0.7125,12.36,0.0,35.98,0.0,-568.2
59.26,39.84,27.31,26.04,0.95,2.6,0.0,28.64,0.0,-78.94
59.97,47.38,29.8,29.87,1.0,0.0,-0.0,29.87,0.0,-4.2
59.97,57.33,32.28,35.6,1.0,0.0,12.36,23.24,0.0,542.13
57.61,64.58,33.11,34.73,0.7368,0.0,12.36,22.37,0.0,618.73
53.23,59.65,32.73,31.01,0.4737,0.0,12.36,18.65,0.0,749.48
47.37,52.34,31.68,30.07,0.2105,0.0,0.0,30.07,0.0,76.27
44.12,48.58,30.24,29.86,0.2105,12.36,0.0,42.22,0.0,-528.56
39.98,45.95,28.86,31.36,0.448,12.36,0.0,43.72,0.0,-594.1
39.35,46.72,28.38,32.54,0.6855,12.36,0.0,44.9,0.0,-650.06
44.11,49.13,28.6,35.41,0.923,4.01,0.0,39.42,0.0,-477.09
47.08,51.83,29.01,37.85,1.0,0.0,0.0,37.85,0.0,-416.19
52.72,54.52,30.9,39.03,1.0,0.0,-0.0,39.03,0.0,-428.61
64.59,59.08,34.71,40.35,1.0,0.0,9.89,30.46,0.0,274.38
71.04,70.56,36.09,42.05,0.7895,0.0,12.36,29.69,0.0,454.66
68.11,72.66,34.69,41.1,0.5263,0.0,12.36,28.74,0.0,405.25
59.08,61.47,32.0,38.58,0.2632,0.0,12.36,26.22,0.0,341.48
53.06,57.11,29.45,35.51,-0.0,0.0,0.0,35.51,0.0,-321.54
49.48,53.09,27.03,31.99,0.0,0.0,-0.0,31.99,0.0,-245.42
50.16,51.21,27.36,29.14,0.5,0.0,12.36,16.78,0.0,530.69
46.66,47.08,25.73,26.07,0.2368,0.0,8.78,17.29,0.0,393.61
42.56,39.45,24.8,24.13,0.05,12.36,0.0,36.49,0.0,-497.53
42.45,37.97,24.63,23.46,0.2875,12.36,0.0,35.82,0.0,-475.02
42.55,37.94,24.82,23.67,0.525,12.36,0.0,36.03,0.0,-476.99
46.66,39.64,26.22,25.27,0.7625,12.36,0.0,37.63,0.0,-532.39
55.86,45.03,30.86,27.8,1.0,0.0,0.0,27.8,0.0,170.93
65.65,54.92,35.75,31.09,1.0,0.0,-0.0,31.09,0.0,305.93
72.33,68.7,40.09,35.27,1.0,0.0,12.36,22.91,0.0,1242.63
72.07,80.2,40.57,38.37,0.7368,0.0,12.36,26.01,0.0,1049.34
64.14,64.68,39.94,38.49,0.4737,0.0,12.36,26.13,0.0,885.77
61.56,55.11,39.51,39.27,0.2105,0.0,0.0,39.27,0.0,14.77
52.11,52.26,37.07,38.96,0.2105,4.01,0.0,42.97,0.0,-307.23
50.17,50.1,36.67,37.89,0.2875,12.36,0.0,50.25,0.0,-681.31
55.0,48.58,37.81,35.98,0.525,12.36,0.0,48.34,0.0,-579.15
57.04,50.03,38.22,36.72,0.7625,12.36,0.0,49.08,0.0,-619.45
60.12,52.58,38.58,37.25,1.0,0.0,0.0,37.25,0.0,79.96
58.98,54.43,38.17,37.72,1.0,0.0,0.0,37.72,0.0,26.54
60.53,55.73,38.22,38.43,1.0,0.0,0.0,38.43,0.0,-12.71
72.44,58.73,38.76,38.56,1.0,0.0,9.89,28.67,0.0,730.77
75.73,69.51,39.96,39.25,0.7895,0.0,12.36,26.89,0.0,989.79
64.16,81.11,37.32,40.37,0.5263,0.0,12.36,28.01,0.0,597.33
54.76,65.67,33.36,37.9,0.2632,0.0,12.36,25.54,0.0,428.22
51.06,56.74,29.75,34.48,0.0,0.0,-0.0,34.48,0.0,-241.51
56.83,53.77,27.27,30.5,0.5,0.0,12.36,18.14,0.0,518.86
54.15,52.04,25.8,27.46,0.2368,0.0,0.0,27.46,0.0,-89.89
51.13,52.33,25.03,25.55,0.2368,0.0,11.12,14.43,0.0,542.18
50.0,46.59,24.76,24.32,0.0,2.6,0.0,26.92,0.0,-108.11
51.13,42.21,25.06,23.32,0.05,12.36,0.0,35.68,0.0,-543.0
52.06,40.67,26.17,22.72,0.2875,12.36,0.0,35.08,0.0,-463.85
57.67,41.84,29.31,22.43,0.525,12.36,0.0,34.79,0.0,-316.03
68.25,46.31,34.81,23.77,0.7625,12.36,0.0,36.13,0.0,-90.09
75.96,54.58,38.79,30.01,1.0,0.0,0.0,30.01,0.0,666.93
71.83,66.61,39.57,37.35,1.0,0.0,12.36,24.99,0.0,1047.28
64.57,74.29,39.09,39.82,0.7368,0.0,12.36,27.46,0.0,750.95
58.29,58.08,38.51,40.12,0.4737,0.0,12.36,27.76,0.0,626.62
50.18,52.54,36.11,37.08,0.2105,0.0,0.0,37.08,0.0,-48.67
47.45,49.67,35.62,35.22,0.2105,12.36,0.0,47.58,0.0,-567.5
49.7,46.86,36.54,34.54,0.448,12.36,0.0,46.9,0.0,-514.89
51.6,48.15,36.9,34.59,0.6855,12.36,0.0,46.95,0.0,-518.58
51.84,51.39,37.24,34.92,0.923,0.0,0.0,34.92,0.0,120.27
54.67,53.01,36.93,35.76,0.923,0.0,0.0,35.76,0.0,63.96
56.64,53.1,36.9,36.5,0.923,0.0,0.0,36.5,0.0,22.66
60.64,53.06,37.18,36.99,0.923,0.0,0.0,36.99,0.0,11.52
64.49,55.77,38.19,37.53,0.923,0.0,6.27,31.26,0.0,447.09
63.13,64.2,37.32,38.08,0.7895,0.0,12.36,25.72,0.0,732.31
56.79,67.13,33.13,36.86,0.5263,0.0,12.36,24.5,0.0,490.1
50.76,58.26,29.22,33.98,0.2632,0.0,12.36,21.62,0.0,385.78
41.47,54.94,26.47,30.4,0.5,0.0,12.36,18.04,0.0,349.59
42.64,53.3,25.04,27.29,0.2368,0.0,0.0,27.29,0.0,-95.94
35.97,53.35,23.78,25.91,0.2368,0.0,11.12,14.79,0.0,323.51
34.74,45.61,23.17,25.04,0.0,-0.0,0.0,25.04,0.0,-64.96
33.84,41.65,22.86,24.49,0.0,12.36,0.0,36.85,0.0,-473.42
29.22,39.62,22.22,24.03,0.2375,12.36,0.0,36.39,0.0,-414.05
30.0,39.29,22.4,23.68,0.475,12.36,0.0,36.04,0.0,-409.2
30.15,40.08,23.78,27.89,0.7125,12.36,0.0,40.25,0.0,-496.57
34.65,45.93,25.31,33.3,0.95,0.0,0.0,33.3,0.0,-276.85
37.2,51.39,26.59,40.88,0.95,0.0,12.36,28.52,0.0,-71.8
37.03,53.18,27.11,39.89,0.6868,0.0,12.36,27.53,0.0,-15.55
35.16,51.09,27.39,37.52,0.4237,0.0,12.36,25.16,0.0,78.41
33.69,46.65,27.14,36.26,0.1605,0.0,0.0,36.26,0.0,-307.25
27.8,42.5,26.17,34.91,0.1605,6.61,0.0,41.52,0.0,-426.67
28.27,39.75,25.88,33.04,0.2875,12.36,0.0,45.4,0.0,-551.83
30.97,38.81,25.88,32.66,0.525,12.36,0.0,45.02,0.0,-592.77
36.99,40.42,26.36,33.41,0.7625,12.36,0.0,45.77,0.0,-717.98
39.48,43.31,27.24,34.28,1.0,0.0,0.0,34.28,0.0,-277.94
45.68,47.01,28.62,35.21,1.0,0.0,0.0,35.21,0.0,-301.03
58.33,52.53,30.2,35.9,1.0,-0.0,0.0,35.9,0.0,-332.48
60.44,60.59,31.1,40.71,1.0,0.0,9.89,30.82,0.0,16.8
60.88,62.96,31.63,40.6,0.7895,0.0,12.36,28.24,0.0,206.38
58.17,64.14,29.88,40.05,0.5263,0.0,12.36,27.69,0.0,127.39
48.65,61.53,27.29,37.67,0.2632,0.0,12.36,25.31,0.0,96.33
50.97,55.54,33.83,34.91,0.5,11.71,0.0,45.54,0.0,-596.83
51.86,62.02,32.06,31.58,0.725,11.71,0.0,43.77,0.0,-607.25
49.2,65.21,30.76,28.58,0.95,2.6,0.0,33.36,0.0,-128.02
46.82,59.87,30.18,26.99,1.0,0.0,0.0,30.18,0.0,0.0
47.03,58.28,30.06,26.88,1.0,0.0,0.0,30.06,0.0,0.0
45.52,57.74,30.48,27.21,1.0,0.0,0.0,30.48,0.0,0.0
48.43,58.35,33.63,27.36,1.0,0.0,0.0,33.63,0.0,0.0
49.39,59.74,38.51,28.95,1.0,0.0,12.31,26.2,0.0,607.77
56.08,61.41,43.67,32.73,0.738,0.0,12.31,31.36,0.0,690.1
58.54,62.78,45.5,37.49,0.476,0.0,12.31,33.19,0.0,720.37
59.58,64.73,46.07,39.98,0.214,0.0,10.05,36.02,0.0,598.85
59.58,65.45,46.52,40.03,0.0,0.0,0.0,46.52,0.0,0.0
51.39,64.38,45.21,39.36,0.0,0.0,0.0,45.21,0.0,0.0
52.01,62.57,45.55,39.13,0.0,0.0,0.0,45.55,0.0,0.0
58.69,62.09,46.67,39.39,0.0,0.0,0.0,46.67,0.0,0.0
59.61,63.63,46.9,39.89,0.0,0.0,0.0,46.9,0.0,0.0
60.01,65.68,47.18,40.21,0.0,0.0,0.0,47.18,0.0,0.0
60.94,67.66,46.65,40.3,0.0,0.0,0.0,46.65,0.0,0.0
60.29,69.35,45.71,40.16,0.0,0.0,0.0,45.71,0.0,0.0
65.56,72.02,44.37,39.79,0.0,0.0,0.0,44.37,0.0,0.0
59.99,76.32,43.43,39.55,0.0,0.0,0.0,43.43,0.0,0.0
59.52,79.27,42.54,39.28,0.0,0.0,0.0,42.54,0.0,0.0
57.01,77.4,39.79,38.23,0.0,0.0,0.0,39.79,0.0,0.0
48.68,71.95,36.43,36.33,0.0,0.0,0.0,36.43,0.0,0.0
55.7,67.06,29.44,34.19,0.5,0.0,0.0,34.19,0.0,-264.57
52.26,69.91,27.63,31.2,0.5,0.0,12.36,18.84,0.0,459.37
47.95,68.95,26.32,28.6,0.2368,0.0,8.78,19.82,0.0,311.46
46.2,66.83,25.76,26.85,0.05,0.0,0.0,26.85,0.0,-50.36
43.79,66.0,25.71,26.14,0.05,0.0,0.0,26.14,0.0,-18.83
42.59,66.19,26.48,25.66,0.05,0.0,0.0,25.66,0.0,34.92
47.27,66.68,28.05,25.24,0.05,0.0,0.0,25.24,0.0,132.83
47.97,67.38,31.36,25.94,0.05,0.0,0.0,25.94,0.0,260.0
47.96,67.9,35.25,27.97,0.05,0.0,0.0,27.97,0.0,349.15
48.04,67.97,36.83,29.33,0.05,0.0,0.0,29.33,0.0,360.3
43.83,67.42,37.27,30.34,0.05,0.0,0.0,30.34,0.0,303.74
44.05,65.81,37.57,30.38,0.05,0.0,0.0,30.38,0.0,316.72
44.11,62.44,37.3,29.99,0.05,0.0,0.0,29.99,0.0,322.44
43.26,57.59,37.05,29.79,0.05,12.36,0.0,42.15,0.0,-220.63
44.6,54.43,37.39,29.15,0.2875,12.36,0.0,41.51,0.0,-183.75
44.68,55.35,37.57,28.85,0.525,12.36,0.0,41.21,0.0,-162.64
47.97,59.48,37.77,33.29,0.7625,12.36,0.0,45.65,0.0,-378.0
54.62,64.07,38.05,33.95,1.0,0.0,0.0,33.95,0.0,223.94
59.84,66.04,38.3,33.72,1.0,0.0,0.0,33.72,0.0,274.07
62.83,67.36,38.05,34.09,1.0,0.0,0.0,34.09,0.0,248.81
65.31,72.83,37.82,35.51,1.0,0.0,9.89,25.62,0.0,796.65
62.57,76.62,36.82,36.76,0.7895,0.0,12.36,24.4,0.0,777.12
57.79,77.56,33.85,35.44,0.5263,0.0,12.36,23.08,0.0,622.4
53.67,76.46,30.99,33.51,0.2632,0.0,12.36,21.15,0.0,528.11
40.24,72.35,24.56,31.11,0.5,0.0,0.0,24.56,0.0,0.0
35.32,75.7,23.25,28.86,0.5,0.0,0.0,23.25,0.0,0.0
34.27,73.92,22.51,26.82,0.5,0.0,0.0,22.51,0.0,0.0
34.3,70.79,22.27,25.87,0.5,1.3,0.0,23.57,0.0,-44.63
34.05,68.89,22.5,25.53,0.525,12.36,0.0,34.86,0.0,-420.86
36.9,68.93,24.33,26.0,0.7625,12.36,0.0,36.69,0.0,-456.08
42.73,71.9,28.84,27.36,1.0,0.0,0.0,28.84,0.0,0.0
48.08,77.9,33.44,30.67,1.0,0.0,0.0,33.44,0.0,0.0
49.51,89.7,38.36,36.48,1.0,0.0,12.36,26.0,0.0,612.04
50.37,99.42,39.3,40.48,0.7368,0.0,12.36,26.94,0.0,622.44
49.08,91.88,39.27,40.44,0.4737,0.0,12.36,26.91,0.0,606.73
46.86,84.68,39.15,39.85,0.2105,0.0,0.0,39.15,0.0,0.0
43.3,78.51,37.35,39.87,0.2105,0.0,0.0,37.35,0.0,0.0
43.88,72.4,37.45,37.98,0.2105,12.36,0.0,49.81,0.0,-542.36
42.72,74.18,38.62,38.01,0.448,12.36,0.0,50.98,0.0,-528.02
43.28,78.4,39.28,38.92,0.6855,0.0,0.0,39.28,0.0,0.0
46.53,82.37,39.68,39.11,0.6855,0.0,0.0,39.68,0.0,0.0
46.97,85.34,39.26,39.37,0.6855,0.0,0.0,39.26,0.0,0.0
53.52,85.18,38.8,39.32,0.6855,0.0,0.0,38.8,0.0,0.0
60.78,86.52,39.27,38.96,0.6855,0.0,7.48,31.79,0.0,454.47
60.7,106.32,39.31,40.34,0.5263,0.0,12.36,26.95,0.0,750.09
53.52,96.17,36.75,39.02,0.2632,0.0,12.36,24.39,0.0,661.61
47.61,82.2,33.39,36.25,0.0,0.0,0.0,33.39,0.0,0.0
43.27,78.66,30.21,33.1,0.0,0.0,0.0,30.21,0.0,0.0
49.26,74.55,27.59,29.99,0.5,0.0,12.36,15.23,0.0,608.95
47.2,64.56,26.21,26.84,0.2368,0.0,0.0,26.21,0.0,0.0
46.6,61.64,25.47,25.56,0.2368,0.0,0.0,25.47,0.0,0.0
46.53,58.99,25.15,25.2,0.2368,2.64,0.0,27.79,0.0,-122.77
46.94,56.98,25.36,24.72,0.2875,12.36,0.0,37.72,0.0,-580.18
48.24,56.0,26.68,25.47,0.525,12.36,0.0,39.04,0.0,-596.25
60.46,57.83,31.54,26.95,0.7625,12.36,0.0,43.9,0.0,-747.29
72.51,70.46,36.43,29.99,1.0,0.0,0.0,36.43,0.0,0.0
71.4,82.0,40.26,33.91,1.0,0.0,12.36,27.9,0.0,882.65
70.55,87.89,40.68,38.58,0.7368,0.0,12.36,28.32,0.0,871.81
66.6,83.55,40.0,39.23,0.4737,0.0,12.36,27.64,0.0,823.31
54.61,77.38,39.52,39.33,0.2105,0.0,9.89,29.63,0.0,539.92
47.54,71.0,37.46,39.59,0.0,0.0,0.0,37.46,0.0,0.0
47.58,65.34,37.1,37.68,0.0,4.01,0.0,41.11,0.0,-190.66
59.69,61.56,38.39,36.1,0.077,12.36,0.0,50.75,0.0,-737.77
62.06,61.3,38.88,36.58,0.3145,12.36,0.0,51.24,0.0,-767.06
67.33,64.22,39.31,36.91,0.552,12.36,0.0,51.67,0.0,-832.2
71.17,67.3,39.38,37.29,0.7895,0.0,0.0,39.38,0.0,0.0
72.21,70.31,40.31,38.21,0.7895,0.0,0.0,40.31,0.0,0.0
75.94,75.64,41.53,39.89,0.7895,0.0,12.36,29.17,0.0,938.77
69.58,89.9,39.54,41.37,0.5263,0.0,12.36,27.18,0.0,859.82
60.63,85.09,36.61,40.09,0.2632,0.0,12.36,24.25,0.0,749.51
47.99,69.06,33.17,37.38,0.0,0.0,0.0,33.17,0.0,0.0
44.96,66.65,29.91,34.29,0.0,0.0,0.0,29.91,0.0,0.0
42.63,64.59,26.96,31.01,0.5,0.0,12.36,14.6,0.0,526.99
39.78,62.73,25.33,27.98,0.2368,0.0,11.12,14.21,0.0,442.43
38.81,57.13,24.5,24.95,0.0,0.0,0.0,24.5,0.0,0.0
36.94,54.89,24.01,24.34,0.0,0.0,0.0,24.01,0.0,0.0
36.2,50.52,23.87,24.27,0.0,12.36,0.0,36.23,0.0,-447.43
37.8,43.31,24.52,24.58,0.2375,12.36,0.0,36.88,0.0,-467.21
42.66,40.14,26.77,25.66,0.475,12.36,0.0,39.13,0.0,-527.28
43.88,48.81,29.44,29.37,0.7125,12.36,0.0,41.8,0.0,-542.36
43.41,60.22,31.7,33.87,0.95,0.0,6.4,25.3,0.0,277.7
44.57,66.06,32.54,38.01,0.8138,0.0,12.36,20.18,0.0,550.76
44.15,63.68,32.47,39.1,0.5507,0.0,12.36,20.11,0.0,545.78
42.55,59.49,31.7,38.09,0.2875,0.0,0.0,31.7,0.0,0.0
41.42,56.49,30.36,36.3,0.2875,0.0,0.0,30.36,0.0,0.0
40.01,54.33,29.35,35.96,0.2875,12.36,0.0,41.71,0.0,-494.52
41.23,52.7,29.28,34.27,0.525,12.36,0.0,41.64,0.0,-509.6
42.8,53.78,29.9,34.59,0.7625,12.36,0.0,42.26,0.0,-529.01
46.01,58.18,31.23,37.63,1.0,0.0,0.0,31.23,0.0,0.0
54.86,64.47,33.96,40.22,1.0,0.0,9.89,24.07,0.0,542.39
55.5,72.39,35.01,42.07,0.7895,0.0,12.36,22.65,0.0,686.09
57.37,72.31,35.16,42.08,0.5263,0.0,12.36,22.8,0.0,708.94
48.68,66.39,33.1,40.45,0.2632,0.0,12.36,20.74,0.0,601.78
43.53,63.73,30.47,38.43,0.0,0.0,0.0,30.47,0.0,0.0
39.66,61.74,28.08,35.62,0.0,0.0,0.0,28.08,0.0,0.0
36.67,59.57,25.82,32.24,0.0,0.0,0.0,25.82,0.0,0.0
41.61,53.07,23.65,29.06,0.5,0.0,12.36,16.7,0.0,289.19
37.18,49.78,22.11,25.14,0.2368,0.0,8.78,16.36,0.0,213.62
32.0,45.01,21.62,23.55,0.05,0.0,0.0,23.55,0.0,-61.76
27.86,40.92,21.48,22.5,0.05,12.36,0.0,34.86,0.0,-372.77
30.01,38.96,22.05,22.5,0.2875,12.36,0.0,34.86,0.0,-384.43
38.9,37.3,24.24,23.45,0.525,12.36,0.0,35.81,0.0,-450.07
48.69,40.29,30.34,25.25,0.7625,12.36,0.0,37.61,0.0,-353.98
52.96,49.28,36.49,28.4,1.0,-0.0,0.0,28.4,0.0,428.45
54.01,57.8,40.77,30.74,1.0,0.0,12.36,18.38,0.0,1209.28
53.98,62.98,41.96,32.14,0.7368,0.0,12.36,19.78,0.0,1197.28
51.62,61.53,41.54,30.6,0.4737,0.0,12.36,18.24,0.0,1202.75
49.94,56.51,40.98,33.09,0.2105,0.0,0.0,33.09,0.0,394.03
48.75,51.85,39.12,34.96,0.2105,12.36,0.0,47.32,0.0,-399.75
48.15,49.83,39.27,34.43,0.448,12.36,0.0,46.79,0.0,-362.09
49.91,49.55,40.67,32.12,0.6855,12.36,0.0,44.48,0.0,-190.16
53.05,52.09,41.71,29.93,0.923,4.01,0.0,33.94,0.0,412.42
53.92,56.4,43.2,29.12,1.0,0.0,0.0,29.12,0.0,759.19
59.72,61.58,44.64,29.98,1.0,0.0,0.0,29.98,0.0,875.5
55.73,65.83,43.43,31.91,1.0,0.0,12.36,19.55,0.0,1330.83
52.8,65.41,42.34,33.85,0.7368,0.0,12.36,21.49,0.0,1100.88
52.9,63.59,39.94,34.8,0.4737,0.0,12.36,22.44,0.0,925.75
51.61,63.07,37.07,34.13,0.2105,0.0,9.89,24.24,0.0,662.05
48.79,61.71,33.58,31.75,-0.0,0.0,0.0,31.75,0.0,89.29
42.47,53.77,30.33,29.23,0.0,0.0,-0.0,29.23,0.0,46.72
43.76,68.33,29.38,29.58,0.5,12.36,0.0,41.94,0.0,-549.63
42.53,83.8,27.82,30.02,0.7375,0.0,0.0,30.02,0.0,-93.57
41.67,86.2,26.8,28.64,0.7375,0.0,12.36,16.28,0.0,438.37
41.62,80.52,26.47,27.27,0.4743,0.0,0.0,27.27,0.0,-33.3
40.25,75.72,26.38,25.95,0.4743,2.64,0.0,28.59,0.0,-88.81
42.2,74.07,27.9,25.7,0.525,12.36,0.0,38.06,0.0,-428.75
50.0,75.65,31.9,28.12,0.7625,12.36,0.0,40.48,0.0,-429.0
51.52,81.12,35.9,32.51,1.0,0.0,0.0,32.51,0.0,174.65
51.38,95.51,40.11,37.91,1.0,0.0,12.36,25.55,0.0,748.09
50.36,128.26,41.02,41.19,0.7368,0.0,12.36,28.83,0.0,613.89
50.48,117.39,41.06,41.98,0.4737,0.0,12.36,29.62,0.0,577.49
47.37,94.14,40.98,42.04,0.2105,0.0,9.89,32.15,0.0,418.18
42.53,83.49,39.05,41.04,0.0,-0.0,0.0,41.04,0.0,-84.63
42.53,72.74,38.92,39.56,0.0,12.36,0.0,51.92,0.0,-552.89
44.9,71.36,39.95,39.51,0.2375,12.36,0.0,51.87,0.0,-535.21
49.37,72.41,40.38,40.5,0.475,12.36,0.0,52.86,0.0,-616.14
50.24,75.51,40.59,41.53,0.7125,4.01,0.0,45.54,0.0,-248.48
51.52,79.78,40.2,42.91,0.7895,0.0,0.0,42.91,0.0,-139.62
54.72,83.54,39.98,42.32,0.7895,0.0,0.0,42.32,0.0,-128.04
59.7,83.45,40.92,41.39,0.7895,0.0,0.0,41.39,0.0,-28.06
60.7,102.99,40.19,41.51,0.7895,0.0,12.36,29.15,0.0,670.13
56.73,110.23,37.31,41.2,0.5263,0.0,12.36,28.84,0.0,480.5
52.02,85.89,34.04,38.0,0.2632,0.0,12.36,25.64,0.0,436.97
47.11,80.76,31.11,33.66,-0.0,0.0,0.0,33.66,0.0,-120.13
48.37,67.12,29.2,30.59,0.5,0.0,0.0,29.2,0.0,0.0
49.24,76.03,27.6,27.96,0.5,0.0,12.36,15.24,0.0,608.7
45.16,73.76,26.48,25.82,0.2368,0.0,11.12,15.36,0.0,502.27
42.17,71.02,25.88,24.94,0.0,0.0,0.0,25.88,0.0,0.0
40.23,69.25,25.57,24.35,0.0,0.0,0.0,25.57,0.0,0.0
40.77,68.13,26.0,24.33,0.0,0.0,0.0,26.0,0.0,0.0
45.12,67.85,27.6,24.71,0.0,0.0,0.0,27.6,0.0,0.0
47.73,69.41,29.38,25.35,0.0,0.0,0.0,29.38,0.0,0.0
48.28,72.23,31.65,26.59,0.0,0.0,0.0,31.65,0.0,0.0
48.31,73.44,32.82,28.87,0.0,0.0,0.0,32.82,0.0,0.0
43.56,71.21,32.66,30.2,0.0,0.0,0.0,32.66,0.0,0.0
40.7,67.6,32.14,29.23,0.0,0.0,0.0,32.14,0.0,0.0
38.43,62.52,30.94,28.05,0.0,0.0,0.0,30.94,0.0,0.0
37.61,56.95,29.83,26.76,0.0,12.36,0.0,42.19,0.0,-464.86
37.65,52.77,29.62,25.98,0.2375,12.36,0.0,41.98,0.0,-465.35
38.43,51.7,29.79,25.61,0.475,12.36,0.0,42.15,0.0,-474.99
40.76,54.24,30.4,25.82,0.7125,12.36,0.0,42.76,0.0,-503.79
44.11,59.83,31.27,26.34,0.95,2.6,0.0,33.87,0.0,-114.78
49.74,63.42,32.45,27.11,1.0,0.0,0.0,32.45,0.0,0.0
57.09,67.72,34.72,28.79,1.0,0.0,0.0,34.72,0.0,0.0
53.62,77.74,34.65,32.97,1.0,0.0,12.36,22.29,0.0,662.85
47.18,78.47,32.19,33.91,0.7368,0.0,12.36,19.83,0.0,583.02
43.77,74.23,29.98,32.46,0.4737,0.0,12.36,17.62,0.0,541.08
39.95,71.23,27.62,30.02,0.2105,0.0,9.89,17.73,0.0,394.98
48.36,54.44,26.21,26.16,0.5,12.36,0.0,38.52,0.0,-595.31
42.28,63.92,24.69,29.92,0.7375,0.0,0.0,29.92,0.0,-221.12
39.43,61.04,23.66,28.51,0.7375,0.0,0.0,28.51,0.0,-191.24
38.43,58.46,23.07,27.7,0.7375,1.3,0.0,29.0,0.0,-227.93
37.65,56.48,22.79,26.87,0.7625,12.36,0.0,39.23,0.0,-618.97
38.65,63.59,23.07,26.63,1.0,0.0,0.0,26.63,0.0,-137.59
41.85,63.83,23.77,27.13,1.0,0.0,0.0,27.13,0.0,-140.62
39.15,66.77,23.95,28.59,1.0,0.0,-0.0,28.59,0.0,-181.66
38.0,70.18,25.53,31.29,1.0,0.0,9.89,21.4,0.0,156.86
38.65,73.38,26.65,33.47,0.7895,0.0,12.36,21.11,0.0,214.12
38.72,73.43,27.22,34.31,0.5263,0.0,12.36,21.95,0.0,204.05
40.43,71.31,27.6,34.33,0.2632,0.0,12.36,21.97,0.0,227.62
37.61,67.87,27.38,33.52,0.0,0.0,0.0,33.52,0.0,-230.93
36.46,62.18,26.35,31.79,-0.0,2.6,0.0,34.39,0.0,-293.22
36.99,57.58,26.05,30.2,0.05,12.36,0.0,42.56,0.0,-610.7
38.0,55.87,26.29,29.44,0.2875,12.36,0.0,41.8,0.0,-589.38
41.16,56.03,26.74,29.04,0.525,12.36,0.0,41.4,0.0,-603.41
42.85,61.14,27.61,29.23,0.7625,12.36,0.0,41.59,0.0,-599.04
49.63,64.59,29.04,30.06,1.0,0.0,0.0,30.06,0.0,-50.62
57.89,68.14,31.83,30.96,1.0,0.0,0.0,30.96,0.0,50.36
64.76,78.22,32.59,33.6,1.0,0.0,12.36,21.24,0.0,735.03
57.56,80.78,30.9,34.11,0.7368,0.0,12.36,21.75,0.0,526.67
54.24,76.42,28.98,32.57,0.4737,0.0,12.36,20.21,0.0,475.68
47.03,73.13,26.83,30.38,0.2105,0.0,9.89,20.49,0.0,298.08
44.19,72.34,25.21,30.85,0.5,0.0,0.0,25.21,0.0,0.0
41.94,73.5,23.95,28.53,0.5,0.0,0.0,23.95,0.0,0.0
40.62,70.74,23.24,25.97,0.5,0.0,0.0,23.24,0.0,0.0
41.24,68.51,23.0,25.26,0.5,0.0,0.0,23.0,0.0,0.0
39.78,67.4,23.22,25.46,0.5,12.36,0.0,35.58,0.0,-491.68
42.87,67.95,25.12,26.01,0.7375,12.36,0.0,37.48,0.0,-529.87
51.16,68.18,30.0,28.08,0.975,1.3,0.0,31.3,0.0,-66.56
55.52,72.4,34.42,31.29,1.0,0.0,0.0,34.42,0.0,0.0
60.54,77.13,39.21,35.65,1.0,0.0,0.0,39.21,0.0,0.0
56.41,91.2,40.3,40.14,1.0,0.0,12.36,27.94,0.0,697.34
54.35,96.05,40.29,40.36,0.7368,0.0,12.36,27.93,0.0,671.62
55.0,83.39,40.32,40.26,0.4737,0.0,12.36,27.96,0.0,679.91
50.0,76.99,38.69,40.84,0.2105,0.0,0.0,38.69,0.0,0.0
50.32,70.73,38.88,39.96,0.2105,12.36,0.0,51.24,0.0,-621.96
51.35,71.74,40.11,39.56,0.448,12.36,0.0,52.47,0.0,-634.69
55.0,74.51,40.77,40.3,0.6855,5.41,0.0,46.18,0.0,-297.68
61.23,77.99,41.17,41.06,0.7895,0.0,0.0,41.17,0.0,0.0
62.89,81.24,40.72,42.04,0.7895,0.0,0.0,40.72,0.0,0.0
66.19,80.94,40.23,42.4,0.7895,0.0,0.0,40.23,0.0,0.0
74.24,84.09,41.05,41.77,0.7895,0.0,12.36,28.69,0.0,917.75
74.3,107.44,40.44,41.91,0.5263,0.0,12.36,28.08,0.0,918.15
58.65,98.18,37.69,41.26,0.2632,0.0,12.36,25.33,0.0,725.03
54.88,81.34,34.22,38.49,0.0,0.0,0.0,34.22,0.0,0.0
49.96,78.53,31.3,35.31,0.0,0.0,0.0,31.3,0.0,0.0
47.05,66.53,29.14,28.61,0.5,0.0,0.0,29.14,0.0,0.0
44.98,72.07,27.56,29.81,0.5,0.0,9.98,17.58,0.0,448.93
42.22,67.6,26.67,27.4,0.2875,0.0,0.0,26.67,0.0,0.0
40.81,64.98,26.25,26.51,0.2875,12.36,0.0,38.61,0.0,-504.41
40.4,63.18,26.18,26.39,0.525,12.36,0.0,38.54,0.0,-499.34
41.46,63.49,27.78,27.4,0.7625,12.36,0.0,40.14,0.0,-512.45
50.65,65.82,31.88,29.63,1.0,0.0,0.0,31.88,0.0,0.0
53.65,70.7,35.99,33.33,1.0,0.0,0.0,35.99,0.0,0.0
54.91,78.22,40.51,37.82,1.0,0.0,0.0,40.51,0.0,0.0
53.83,88.95,41.6,40.79,1.0,0.0,12.36,29.24,0.0,665.45
50.54,87.38,41.44,41.23,0.7368,0.0,12.36,29.08,0.0,624.54
49.67,81.37,41.48,41.55,0.4737,0.0,12.36,29.12,0.0,614.02
45.71,75.71,39.56,41.59,0.2105,0.0,0.0,39.56,0.0,0.0
44.83,70.25,39.52,40.21,0.2105,12.36,0.0,51.88,0.0,-554.1
48.0,70.96,40.82,40.1,0.448,12.36,0.0,53.18,0.0,-593.28
51.0,74.54,41.5,41.43,0.6855,0.0,0.0,41.5,0.0,0.0
52.7,77.33,42.07,42.46,0.6855,0.0,0.0,42.07,0.0,0.0
56.47,78.7,41.71,42.92,0.6855,0.0,0.0,41.71,0.0,0.0
59.12,77.17,41.33,42.57,0.6855,0.0,0.0,41.33,0.0,0.0
73.84,78.0,42.12,41.78,0.6855,0.0,0.0,42.12,0.0,0.0
63.49,94.09,41.19,41.75,0.6855,0.0,12.36,28.83,0.0,784.56
56.77,93.32,38.26,41.24,0.4224,0.0,12.36,25.9,0.0,701.79
52.34,79.75,34.85,38.38,0.1592,0.0,7.48,27.37,0.0,391.36
47.48,75.29,31.84,35.19,0.0,0.0,0.0,31.84,0.0,0.0
46.26,68.82,29.13,28.4,0.5,0.0,0.0,29.13,0.0,0.0
43.8,71.91,27.61,29.89,0.5,0.0,0.0,27.61,0.0,0.0
43.03,68.45,26.74,27.37,0.5,0.0,0.0,26.74,0.0,0.0
42.99,66.36,26.37,26.38,0.5,1.3,0.0,27.67,0.0,-55.93
42.66,64.84,26.3,26.27,0.525,12.36,0.0,38.66,0.0,-527.28
47.68,64.99,27.92,27.3,0.7625,12.36,0.0,40.28,0.0,-589.32
54.96,66.92,32.18,29.49,1.0,0.0,0.0,32.18,0.0,0.0
56.52,71.25,36.06,33.15,1.0,0.0,0.0,36.06,0.0,0.0
65.16,79.04,40.64,37.64,1.0,0.0,0.0,40.64,0.0,0.0
63.23,90.37,41.67,40.75,1.0,0.0,12.36,29.31,0.0,781.65
58.88,88.98,41.39,40.86,0.7368,0.0,12.36,29.03,0.0,727.6
58.86,83.4,41.49,40.73,0.4737,0.0,12.36,29.13,0.0,727.63
53.73,76.59,39.7,40.56,0.2105,0.0,0.0,39.7,0.0,0.0
53.66,70.76,39.48,39.24,0.2105,12.36,0.0,51.84,0.0,-663.24
56.79,71.1,40.85,39.13,0.448,12.36,0.0,53.21,0.0,-701.92
61.84,74.54,41.32,39.97,0.6855,5.41,0.0,46.73,0.0,-334.7
70.13,77.85,41.97,40.77,0.7895,0.0,0.0,41.97,0.0,0.0
68.08,79.55,41.29,41.46,0.7895,0.0,0.0,41.29,0.0,0.0
69.25,79.35,41.07,40.79,0.7895,0.0,0.0,41.07,0.0,0.0
74.19,82.85,41.81,40.74,0.7895,0.0,12.36,29.45,0.0,917.14
69.14,97.88,40.91,41.87,0.5263,0.0,12.36,28.55,0.0,854.38
63.3,92.35,38.09,40.11,0.2632,0.0,12.36,25.73,0.0,782.51
55.71,78.84,34.38,36.82,0.0,0.0,0.0,34.38,0.0,0.0
51.16,76.88,31.46,33.89,0.0,0.0,0.0,31.46,0.0,0.0
48.96,72.49,28.99,30.96,0.5,0.0,0.0,28.99,0.0,0.0
43.63,72.37,27.41,27.7,0.5,0.0,0.0,27.41,0.0,0.0
41.82,71.37,26.49,25.76,0.5,0.0,0.0,26.49,0.0,0.0
41.55,69.81,26.08,24.81,0.5,0.0,0.0,26.08,0.0,0.0
41.68,68.3,26.19,24.51,0.5,12.36,0.0,38.55,0.0,-515.16
45.96,67.27,27.6,25.09,0.7375,12.36,0.0,39.96,0.0,-568.07
57.69,68.76,31.73,27.45,0.975,1.3,0.0,33.03,0.0,-75.06
69.8,73.31,36.08,31.19,1.0,0.0,0.0,36.08,0.0,0.0
72.25,81.46,40.39,35.08,1.0,0.0,0.0,40.39,0.0,0.0
74.7,96.93,41.35,39.16,1.0,0.0,12.36,28.99,0.0,923.44
70.29,92.82,41.34,39.71,0.7368,0.0,12.36,28.98,0.0,868.59
71.05,82.12,41.25,40.31,0.4737,0.0,0.0,41.25,0.0,0.0
69.67,78.72,39.35,40.36,0.4737,0.0,0.0,39.35,0.0,0.0
68.8,75.28,39.15,38.35,0.4737,12.36,0.0,51.51,0.0,-850.37
69.75,77.8,40.18,38.32,0.7112,0.0,0.0,40.18,0.0,0.0
69.79,80.89,40.77,39.67,0.7112,0.0,0.0,40.77,0.0,0.0
70.24,82.62,41.25,40.36,0.7112,0.0,0.0,41.25,0.0,0.0
70.42,83.66,40.9,40.82,0.7112,0.0,0.0,40.9,0.0,0.0
72.34,84.28,40.65,40.54,0.7112,0.0,0.0,40.65,0.0,0.0
74.18,84.88,41.58,40.14,0.7112,0.0,8.68,32.9,0.0,644.21
67.75,91.58,40.45,38.6,0.5263,0.0,12.36,28.09,0.0,837.21
67.25,93.8,37.58,37.81,0.2632,0.0,12.36,25.22,0.0,831.34
53.93,80.0,33.95,34.91,0.0,0.0,0.0,33.95,0.0,0.0
49.41,75.4,31.2,32.08,0.0,0.0,0.0,31.2,0.0,0.0
46.07,69.54,29.19,30.98,0.5,12.36,0.0,43.34,0.0,-651.89
43.1,76.54,27.77,27.22,0.7375,0.0,0.0,27.22,0.0,23.7
41.33,74.28,26.79,26.13,0.7375,0.0,0.0,26.13,0.0,27.28
39.77,70.94,26.4,25.32,0.7375,0.0,0.0,25.32,0.0,42.95
41.1,69.2,26.53,24.89,0.7375,12.36,0.0,37.25,0.0,-440.59
44.82,69.56,27.92,25.32,0.975,1.3,0.0,26.62,0.0,58.22
55.31,71.47,32.05,27.26,1.0,0.0,0.0,27.26,0.0,264.93
64.05,73.93,36.31,31.22,1.0,0.0,0.0,31.22,0.0,326.01
71.35,85.31,40.85,35.56,1.0,0.0,12.36,23.2,0.0,1259.33
70.96,98.32,41.62,39.71,0.7368,0.0,12.36,27.35,0.0,1012.6
53.68,84.82,41.38,39.25,0.4737,0.0,12.36,26.89,0.0,777.82
48.88,78.14,41.16,39.0,0.2105,0.0,7.54,31.46,0.0,474.12
46.5,73.74,38.75,38.57,0.05,0.0,0.0,38.57,0.0,8.37
47.47,65.85,38.35,36.45,0.05,12.36,0.0,48.81,0.0,-496.54
52.69,64.13,39.66,36.75,0.2875,12.36,0.0,49.11,0.0,-497.92
52.35,65.59,39.93,37.48,0.525,12.36,0.0,49.84,0.0,-518.79
54.81,69.72,40.26,38.06,0.7625,12.36,0.0,50.42,0.0,-556.87
56.91,74.17,40.05,38.68,1.0,0.0,0.0,38.68,0.0,77.97
64.78,77.34,40.07,39.07,1.0,0.0,0.0,39.07,0.0,64.78
74.2,78.72,40.87,39.53,1.0,0.0,9.89,29.64,0.0,833.12
73.87,98.58,39.97,40.76,0.7895,0.0,12.36,28.4,0.0,854.68
57.7,98.48,36.95,39.06,0.5263,0.0,12.36,26.7,0.0,591.43
49.21,80.44,33.57,36.19,0.2632,0.0,12.36,23.83,0.0,479.31
44.84,76.71,30.81,32.67,-0.0,0.0,0.0,32.67,0.0,-83.4
47.14,69.73,28.23,30.89,0.5,1.37,0.0,29.6,0.0,-64.52
43.08,79.05,26.65,26.88,0.5263,0.0,12.36,14.29,0.0,532.35
41.67,77.06,25.69,26.52,0.2632,0.0,0.0,25.69,0.0,0.0
40.16,73.41,25.16,25.37,0.2632,0.0,0.0,25.16,0.0,0.0
39.76,70.88,25.06,24.8,0.2632,0.0,0.0,25.06,0.0,0.0
40.69,70.0,25.48,25.06,0.2632,0.0,0.0,25.48,0.0,0.0
42.44,71.46,27.23,25.94,0.2632,0.0,0.0,27.23,0.0,0.0
45.62,75.19,29.49,27.58,0.2632,0.0,0.0,29.49,0.0,0.0
45.74,77.63,31.51,30.13,0.2632,0.0,12.36,19.15,0.0,565.44
44.01,74.36,32.51,32.66,0.0,0.0,0.0,32.51,0.0,0.0
39.76,70.96,32.21,31.38,0.0,0.0,0.0,32.21,0.0,0.0
38.93,67.4,31.56,28.9,0.0,0.0,0.0,31.56,0.0,0.0
37.21,61.97,30.16,27.49,0.0,0.0,0.0,30.16,0.0,0.0
33.35,56.4,28.95,26.12,0.0,12.36,0.0,41.31,0.0,-412.21
33.99,51.74,28.59,25.15,0.2375,12.36,0.0,40.95,0.0,-420.12
38.1,49.5,28.68,24.82,0.475,12.36,0.0,41.04,0.0,-470.92
39.15,51.52,29.28,25.02,0.7125,12.36,0.0,41.64,0.0,-483.89
48.82,58.11,30.29,25.58,0.95,2.6,0.0,32.89,0.0,-127.03
52.63,63.91,31.64,26.66,1.0,0.0,0.0,31.64,0.0,0.0
61.68,69.56,34.44,28.85,1.0,0.0,0.0,34.44,0.0,0.0
58.68,82.9,33.76,33.02,1.0,0.0,12.36,21.4,0.0,725.4
52.74,80.93,31.35,33.83,0.7368,0.0,12.36,18.99,0.0,651.72
45.89,74.32,29.01,32.23,0.4737,0.0,12.36,16.65,0.0,567.29
40.91,71.71,26.78,29.66,0.2105,0.0,9.89,16.89,0.0,404.47
46.97,72.03,25.48,30.11,0.5,0.0,11.12,18.99,0.0,305.02
40.18,74.58,23.94,26.43,0.2632,0.0,12.36,14.07,0.0,396.58
38.47,68.96,22.91,24.97,-0.0,0.0,0.0,24.97,0.0,-79.25
38.38,66.58,22.41,23.9,-0.0,0.0,0.0,23.9,0.0,-57.19
37.79,65.23,22.1,23.39,0.0,0.0,0.0,23.39,0.0,-48.75
37.99,64.52,22.42,22.95,-0.0,0.0,0.0,22.95,0.0,-20.13
39.5,64.66,23.3,22.84,-0.0,0.0,0.0,22.84,0.0,18.17
42.3,65.57,23.88,23.06,-0.0,0.0,0.0,23.06,0.0,34.69
42.87,65.74,25.43,23.51,-0.0,0.0,0.0,23.51,0.0,82.31
46.89,65.27,26.86,24.55,-0.0,0.0,0.0,24.55,0.0,108.32
50.23,64.83,27.54,26.16,-0.0,0.0,0.0,26.16,0.0,69.32
50.21,64.61,27.84,28.28,-0.0,0.0,0.0,28.28,0.0,-22.09
49.8,65.1,27.48,28.73,-0.0,0.0,0.0,28.73,0.0,-62.25
44.54,65.1,26.2,28.26,-0.0,0.0,0.0,28.26,0.0,-91.75
43.25,63.17,25.82,29.8,-0.0,12.36,0.0,42.16,0.0,-706.7
45.71,60.58,25.77,31.1,0.2375,12.36,0.0,43.46,0.0,-808.61
47.35,59.39,26.18,31.02,0.475,12.36,0.0,43.38,0.0,-814.42
46.99,61.0,27.21,31.0,0.7125,12.36,0.0,43.36,0.0,-758.89
50.09,64.37,28.65,31.8,0.95,0.0,0.0,31.8,0.0,-157.78
60.6,71.64,31.71,33.78,0.95,0.0,12.36,21.42,0.0,623.57
61.95,84.54,31.76,36.66,0.6868,0.0,12.36,24.3,0.0,462.15
50.27,79.83,30.06,37.34,0.4237,0.0,12.36,24.98,0.0,255.37
47.45,70.46,27.99,35.07,0.1605,0.0,7.54,27.53,0.0,21.81
39.98,66.91,25.69,32.23,-0.0,0.0,0.0,32.23,0.0,-261.47
41.28,72.48,24.45,29.41,0.5,0.0,12.36,12.09,0.0,510.3
35.75,68.91,23.19,27.91,0.2368,0.0,0.0,23.19,0.0,0.0
33.46,63.35,22.45,26.69,0.2368,2.64,0.0,25.09,0.0,-88.29
31.9,62.01,22.21,25.74,0.2875,12.36,0.0,34.57,0.0,-394.28
32.6,61.01,22.52,25.57,0.525,12.36,0.0,34.88,0.0,-402.94
39.31,61.04,24.45,26.04,0.7625,12.36,0.0,36.81,0.0,-485.87
49.51,63.37,29.55,27.36,1.0,0.0,0.0,29.55,0.0,0.0
56.57,69.21,34.43,30.46,1.0,0.0,0.0,34.43,0.0,0.0
61.34,75.85,39.08,34.1,1.0,0.0,0.0,39.08,0.0,0.0
70.0,84.31,40.3,37.93,1.0,0.0,12.36,27.94,0.0,865.34
60.55,83.75,40.35,39.74,0.7368,0.0,9.95,30.4,0.0,602.34
57.72,81.58,40.26,40.51,0.525,0.0,0.0,40.26,0.0,0.0
54.95,79.11,38.38,40.11,0.525,0.0,0.0,38.38,0.0,0.0
54.39,72.95,38.24,38.37,0.525,12.36,0.0,50.6,0.0,-672.26
61.94,72.78,39.5,37.73,0.7625,12.36,0.0,51.86,0.0,-765.58
56.67,76.41,39.99,38.66,1.0,0.0,0.0,39.99,0.0,0.0
58.63,79.69,40.32,39.2,1.0,0.0,0.0,40.32,0.0,0.0
60.91,82.39,40.0,39.77,1.0,0.0,0.0,40.0,0.0,0.0
58.86,85.17,39.57,39.97,1.0,0.0,9.89,29.68,0.0,581.93
72.77,87.32,40.86,39.72,0.7895,0.0,12.36,28.5,0.0,899.58
61.53,94.5,39.7,37.72,0.5263,0.0,12.36,27.34,0.0,760.34
52.17,95.69,36.79,37.92,0.2632,0.0,12.36,24.43,0.0,644.92
46.2,80.15,33.3,35.12,0.0,0.0,0.0,33.3,0.0,0.0
40.85,77.05,30.19,32.28,0.0,0.0,0.0,30.19,0.0,0.0
39.96,68.61,27.89,27.67,0.5,12.36,0.0,40.03,0.0,-485.11
39.5,73.77,26.42,29.44,0.7375,0.0,0.0,29.44,0.0,-119.29
38.92,70.71,25.65,27.92,0.7375,0.0,0.0,27.92,0.0,-88.35
39.15,68.8,25.37,27.02,0.7375,0.0,0.0,27.02,0.0,-64.6
39.15,68.07,25.42,26.27,0.7375,12.36,0.0,38.63,0.0,-517.17
40.29,68.67,26.85,26.94,0.975,1.3,0.0,28.24,0.0,-56.05
54.32,71.46,31.08,28.48,1.0,0.0,0.0,28.48,0.0,141.23
59.59,77.49,35.53,32.4,1.0,0.0,0.0,32.4,0.0,186.52
68.17,84.54,40.12,36.57,1.0,0.0,7.48,29.09,0.0,751.77
67.64,93.14,40.95,39.77,0.8408,0.0,12.36,27.41,0.0,915.85
64.51,90.14,40.52,40.19,0.5776,0.0,12.36,27.83,0.0,818.63
58.18,82.52,40.22,39.88,0.3145,0.0,0.0,39.88,0.0,19.78
45.73,77.91,37.89,39.7,0.3145,0.0,0.0,39.7,0.0,-82.77
44.0,73.17,37.65,37.56,0.3145,12.36,0.0,49.92,0.0,-539.88
50.85,73.46,38.98,37.02,0.552,12.36,0.0,49.38,0.0,-528.84
58.57,77.56,39.64,38.15,0.7895,0.0,0.0,38.15,0.0,87.27
59.85,81.89,40.04,38.7,0.7895,0.0,0.0,38.7,0.0,80.2
62.12,83.96,39.86,39.02,0.7895,0.0,0.0,39.02,0.0,52.18
70.78,83.95,39.58,39.22,0.7895,0.0,0.0,39.22,0.0,25.48
75.27,84.73,41.05,39.7,0.7895,0.0,12.36,27.34,0.0,1031.95
73.04,93.34,39.63,40.59,0.5263,0.0,12.36,28.23,0.0,832.66
63.86,90.04,36.79,38.8,0.2632,0.0,12.36,26.44,0.0,660.95
56.17,79.07,33.1,36.13,0.0,0.0,-0.0,36.13,0.0,-170.2
45.34,75.08,30.12,32.86,0.0,0.0,-0.0,32.86,0.0,-124.23
45.74,68.87,28.33,27.51,0.5,12.36,0.0,39.87,0.0,-527.84
45.17,77.33,26.93,29.37,0.7375,0.0,0.0,29.37,0.0,-110.21
41.51,74.44,25.95,27.83,0.7375,0.0,0.0,27.83,0.0,-78.04
41.02,71.64,25.54,26.84,0.7375,0.0,0.0,26.84,0.0,-53.33
41.52,70.44,25.66,26.17,0.7375,1.3,0.0,27.47,0.0,-75.19
50.64,70.44,27.28,27.02,0.7625,12.36,0.0,39.38,0.0,-612.74
66.92,72.28,31.56,28.89,1.0,0.0,0.0,28.89,0.0,178.68
74.67,76.72,35.99,32.82,1.0,0.0,0.0,32.82,0.0,236.7
75.03,82.95,40.23,36.88,1.0,0.0,-0.0,36.88,0.0,251.35
72.19,90.89,40.91,40.1,1.0,0.0,12.36,27.74,0.0,950.74
73.67,90.98,40.69,40.49,0.7368,0.0,12.36,28.13,0.0,925.3
64.34,85.29,40.38,40.23,0.4737,0.0,0.0,40.23,0.0,9.65
52.49,81.12,37.99,39.36,0.4737,0.0,0.0,39.36,0.0,-71.91
50.87,76.16,37.76,37.34,0.4737,12.36,0.0,49.7,0.0,-607.39
55.64,75.84,39.19,36.66,0.7112,12.36,0.0,49.02,0.0,-546.94
64.85,80.82,39.59,37.63,0.9487,0.0,0.0,37.63,0.0,127.11
71.04,85.97,39.73,38.23,0.9487,0.0,0.0,38.23,0.0,106.56
72.2,87.83,39.87,38.59,0.9487,0.0,12.36,26.23,0.0,984.81
73.5,86.27,39.71,38.67,0.6855,0.0,7.48,31.19,0.0,626.06
75.01,85.46,41.17,39.19,0.5263,0.0,0.0,39.19,0.0,148.52
72.86,94.11,39.84,39.22,0.5263,0.0,12.36,26.86,0.0,945.72
73.12,92.6,36.86,38.34,0.2632,0.0,12.36,25.98,0.0,795.55
53.05,78.5,33.22,35.74,0.0,0.0,-0.0,35.74,0.0,-133.69
42.95,76.39,30.14,32.68,0.0,0.0,-0.0,32.68,0.0,-109.09
41.3,75.24,28.63,30.24,0.5,12.36,0.0,40.99,0.0,-510.47
40.29,69.27,27.1,27.03,0.7375,12.36,0.0,39.46,0.0,-497.98
39.35,68.71,26.26,26.44,0.975,1.3,0.0,27.56,0.0,-51.2
39.29,68.44,25.99,25.71,1.0,0.0,0.0,25.99,0.0,0.0
39.3,68.77,25.95,24.76,1.0,0.0,0.0,25.95,0.0,0.0
41.07,70.14,27.13,25.04,1.0,0.0,0.0,27.13,0.0,0.0
56.0,72.8,31.44,27.11,1.0,0.0,9.89,21.55,0.0,553.66
69.9,76.11,35.92,31.38,0.7895,0.0,12.36,23.56,0.0,864.1
65.0,82.19,39.89,35.27,0.5263,0.0,12.36,27.53,0.0,803.22
69.35,89.62,40.51,38.88,0.2632,0.0,12.36,28.15,0.0,857.3
65.42,88.33,40.21,39.74,0.0,0.0,0.0,40.21,0.0,0.0
61.48,83.2,39.9,39.98,0.0,0.0,0.0,39.9,0.0,0.0
46.15,81.09,37.52,39.4,0.0,12.36,0.0,49.88,0.0,-570.41
45.12,73.26,37.33,37.36,0.2375,12.36,0.0,49.69,0.0,-557.68
49.17,68.39,38.6,37.24,0.475,12.36,0.0,50.96,0.0,-607.74
54.0,66.4,39.05,37.75,0.7125,4.01,0.0,43.06,0.0,-216.39
64.0,69.41,39.48,38.33,0.7895,0.0,0.0,39.48,0.0,0.0
65.99,72.64,39.49,38.85,0.7895,0.0,0.0,39.49,0.0,0.0
69.9,76.2,39.47,39.17,0.7895,0.0,12.36,27.11,0.0,864.1
78.03,77.01,40.91,39.85,0.5263,0.0,12.36,28.55,0.0,964.24
75.96,92.46,39.82,40.39,0.2632,0.0,12.36,27.46,0.0,939.02
67.18,104.01,36.66,38.59,0.0,0.0,0.0,36.66,0.0,0.0
55.2,83.92,33.37,35.73,0.0,0.0,0.0,33.37,0.0,0.0
46.49,78.46,30.28,32.28,0.0,0.0,0.0,30.28,0.0,0.0
47.99,70.21,28.73,30.75,0.5,0.0,0.0,28.73,0.0,0.0
44.17,72.18,27.21,26.88,0.5,0.0,0.0,27.21,0.0,0.0
42.07,71.07,26.33,25.72,0.5,0.0,0.0,26.33,0.0,0.0
42.0,69.6,26.01,24.95,0.5,12.36,0.0,38.37,0.0,-519.12
42.0,68.99,26.09,24.56,0.7375,12.36,0.0,38.45,0.0,-519.12
46.09,70.02,27.2,24.95,0.975,1.3,0.0,28.5,0.0,-59.97
67.19,71.99,31.73,27.08,1.0,0.0,0.0,31.73,0.0,0.0
72.04,76.81,35.83,31.2,1.0,0.0,0.0,35.83,0.0,0.0
71.85,93.3,40.09,35.18,1.0,0.0,12.36,27.73,0.0,888.21
71.0,116.01,40.94,38.75,0.7368,0.0,12.36,28.58,0.0,877.37
68.0,95.71,40.71,39.8,0.4737,0.0,12.36,28.35,0.0,840.61
63.16,83.11,40.32,40.27,0.2105,0.0,9.89,30.43,0.0,624.45
51.0,77.14,38.03,39.66,0.0,0.0,0.0,38.03,0.0,0.0
51.0,68.11,37.68,37.61,0.0,12.36,0.0,50.04,0.0,-630.36
60.68,65.99,38.75,37.49,0.2375,12.36,0.0,51.11,0.0,-750.0
67.7,65.98,39.31,37.98,0.475,12.36,0.0,51.67,0.0,-836.77
71.85,69.28,39.57,38.54,0.7125,12.36,0.0,51.93,0.0,-888.07
72.34,72.59,39.56,39.03,0.95,0.0,0.0,39.56,0.0,0.0
74.83,76.13,39.47,39.25,0.95,0.0,0.0,39.47,0.0,0.0
94.09,77.58,41.03,39.97,0.95,0.0,0.0,41.03,0.0,0.0
77.33,95.7,39.94,40.38,0.95,0.0,12.36,27.58,0.0,955.95
73.51,102.88,36.9,38.63,0.6868,0.0,12.36,24.54,0.0,908.38
65.33,82.71,33.42,35.79,0.4237,0.0,12.36,21.06,0.0,807.61
56.38,78.12,30.45,32.36,0.1605,0.0,7.54,22.91,0.0,425.01
60.0,68.55,28.23,29.65,0.5,0.0,0.0,28.23,0.0,0.0
58.29,77.88,26.68,26.53,0.5,0.0,12.36,14.32,0.0,720.58
50.84,75.3,25.67,25.09,0.2368,0.0,11.12,14.55,0.0,565.44
47.65,73.45,25.25,24.01,0.0,0.0,0.0,25.25,0.0,0.0
47.13,72.75,25.01,23.57,0.0,0.0,0.0,25.01,0.0,0.0
49.06,72.69,25.21,23.25,0.0,0.0,0.0,25.21,0.0,0.0
56.77,72.95,27.4,23.15,0.0,0.0,0.0,27.4,0.0,0.0
60.21,72.97,29.42,23.25,0.0,0.0,0.0,29.42,0.0,0.0
61.0,71.9,31.55,23.61,0.0,0.0,0.0,31.55,0.0,0.0
59.3,69.92,32.58,25.07,0.0,0.0,0.0,32.58,0.0,0.0
53.0,67.99,32.29,26.4,0.0,0.0,0.0,32.29,0.0,0.0
47.56,65.76,31.75,27.52,0.0,0.0,0.0,31.75,0.0,0.0
41.04,63.27,30.4,27.91,0.0,0.0,0.0,30.4,0.0,0.0
39.84,60.44,29.25,27.95,0.0,12.36,0.0,41.61,0.0,-492.42
39.0,57.09,28.85,27.0,0.2375,12.36,0.0,41.21,0.0,-482.04
39.61,54.18,29.16,26.05,0.475,12.36,0.0,41.52,0.0,-489.58
45.48,55.43,29.8,25.85,0.7125,12.36,0.0,42.16,0.0,-562.13
52.96,62.0,30.73,26.25,0.95,2.6,0.0,33.33,0.0,-137.81
61.74,67.13,31.9,27.09,1.0,0.0,0.0,31.9,0.0,0.0
75.05,71.49,34.96,29.59,1.0,0.0,0.0,34.96,0.0,0.0
74.31,80.29,34.31,34.43,1.0,0.0,12.36,21.95,0.0,918.62
63.08,78.45,31.61,34.55,0.7368,0.0,12.36,19.25,0.0,779.5
55.29,74.86,29.47,32.41,0.4737,0.0,12.36,17.11,0.0,683.49
43.31,71.89,26.89,29.79,0.2105,0.0,9.89,17.0,0.0,428.2
43.89,67.17,25.56,30.34,0.5,12.36,0.0,37.92,0.0,-542.48
40.37,78.2,24.25,29.73,0.7375,12.36,0.0,36.61,0.0,-498.97
38.92,79.26,23.28,28.19,0.975,1.3,0.0,24.58,0.0,-50.64
38.04,75.75,22.79,26.57,1.0,0.0,0.0,22.79,0.0,0.0
38.32,72.99,22.57,25.74,1.0,0.0,0.0,22.57,0.0,0.0
38.57,71.05,22.7,25.61,1.0,0.0,0.0,22.7,0.0,0.0
41.91,69.31,23.7,26.92,1.0,0.0,0.0,23.7,0.0,0.0
44.71,68.56,24.13,28.36,1.0,0.0,0.0,24.13,0.0,0.0
42.97,67.86,25.56,29.29,1.0,0.0,0.0,25.56,0.0,0.0
44.03,67.05,26.62,30.16,1.0,0.0,11.15,15.47,0.0,491.15
47.42,66.46,27.15,28.28,0.7625,0.0,11.15,16.0,0.0,528.97
42.43,65.78,27.46,28.5,0.525,0.0,11.15,16.31,0.0,473.3
39.65,64.15,27.03,28.79,0.2875,0.0,11.15,15.88,0.0,442.29
37.65,61.31,25.87,28.73,0.05,0.0,0.0,25.87,0.0,0.0
36.44,57.75,25.5,27.79,0.05,12.36,0.0,37.86,0.0,-450.4
38.3,55.13,25.68,27.09,0.2875,12.36,0.0,38.04,0.0,-473.39
40.58,56.25,26.23,26.32,0.525,12.36,0.0,38.59,0.0,-501.57
43.2,62.11,27.17,26.49,0.7625,12.36,0.0,39.53,0.0,-533.95
55.26,68.09,28.7,27.38,1.0,0.0,0.0,28.7,0.0,0.0
70.09,72.66,31.95,29.84,1.0,0.0,11.15,20.8,0.0,781.85
66.43,82.4,32.02,34.4,0.7625,0.0,11.15,20.87,0.0,741.02
62.29,78.83,30.32,34.67,0.525,0.0,11.15,19.17,0.0,694.84
52.2,74.51,28.39,32.49,0.2875,0.0,11.15,17.24,0.0,582.29
40.28,71.66,26.1,29.82,0.05,0.0,2.35,23.75,0.0,94.59
40.0,72.94,24.31,30.06,0.5,12.36,0.0,42.42,0.0,-724.4
35.03,79.43,23.17,29.45,0.7375,0.0,0.0,29.45,0.0,-219.99
30.99,77.2,22.49,28.28,0.7375,0.0,0.0,28.28,0.0,-179.43
30.5,75.34,22.39,26.56,0.7375,1.3,0.0,27.86,0.0,-166.87
31.0,75.0,22.7,26.39,0.7625,12.36,0.0,38.75,0.0,-497.55
37.49,76.56,24.29,26.68,1.0,-0.0,0.0,26.68,0.0,-89.6
52.81,79.62,29.44,28.96,1.0,0.0,0.0,28.96,0.0,25.35
65.0,81.76,34.26,32.92,1.0,0.0,0.0,32.92,0.0,87.1
70.86,85.18,38.97,36.24,1.0,0.0,9.89,26.35,0.0,894.11
67.31,97.34,39.89,39.49,0.7895,0.0,12.36,27.13,0.0,858.88
61.46,95.27,39.75,40.57,0.5263,0.0,12.36,28.21,0.0,709.25
54.59,87.49,39.71,40.77,0.2632,0.0,12.36,28.41,0.0,616.87
46.94,84.88,37.58,40.2,0.0,0.0,-0.0,40.2,0.0,-122.98
48.66,74.42,37.61,38.09,0.0,12.36,0.0,50.45,0.0,-624.79
52.46,71.01,38.69,38.0,0.2375,12.36,0.0,50.36,0.0,-612.21
58.28,70.89,39.46,38.64,0.475,12.36,0.0,51.0,0.0,-672.55
66.47,73.63,39.98,39.27,0.7125,12.36,0.0,51.63,0.0,-774.38
70.24,77.56,39.58,39.93,0.95,0.0,0.0,39.93,0.0,-24.58
70.91,82.48,39.28,40.06,0.95,0.0,0.0,40.06,0.0,-55.31
80.02,84.87,40.75,40.36,0.95,0.0,12.36,28.0,0.0,1020.26
72.47,107.93,39.56,40.4,0.6868,0.0,12.36,28.04,0.0,834.85
65.69,106.34,36.63,38.42,0.4237,0.0,12.36,26.06,0.0,694.34
65.5,84.6,33.43,35.79,0.1605,0.0,7.54,28.25,0.0,339.26
52.35,80.91,30.3,32.82,0.0,0.0,-0.0,32.82,0.0,-131.92
60.93,46.95,28.78,26.67,0.5,0.0,12.36,14.31,0.0,881.66
58.59,44.55,27.2,26.25,0.2368,0.0,8.78,17.47,0.0,569.82
55.88,39.47,26.26,25.01,0.05,12.36,0.0,37.37,0.0,-620.83
53.55,37.19,26.07,24.97,0.2875,12.36,0.0,37.33,0.0,-602.97
54.98,36.19,26.41,25.59,0.525,12.36,0.0,37.95,0.0,-634.47
55.63,37.31,27.83,26.41,0.7625,12.36,0.0,38.77,0.0,-608.59
63.99,42.79,32.91,29.03,1.0,-0.0,0.0,29.03,0.0,248.28
72.06,49.3,39.26,32.42,1.0,-0.0,0.0,32.42,0.0,492.89
80.18,54.92,43.93,37.04,1.0,0.0,0.0,37.04,0.0,552.44
84.51,58.6,45.21,41.84,1.0,0.0,12.36,29.48,0.0,1329.34
78.36,56.32,44.77,43.59,0.7368,0.0,0.0,43.59,0.0,92.46
77.17,54.22,44.22,43.31,0.7368,0.0,0.0,43.31,0.0,70.22
74.11,52.69,41.83,42.49,0.7368,0.0,0.0,42.49,0.0,-48.91
72.37,51.37,41.1,40.45,0.7368,0.0,0.0,40.45,0.0,47.04
74.42,50.67,42.42,40.08,0.7368,12.36,0.0,52.44,0.0,-745.69
75.79,51.12,43.56,41.16,0.9743,1.34,0.0,42.5,0.0,80.69
78.59,53.02,44.97,41.81,1.0,0.0,0.0,41.81,0.0,248.34
88.43,56.8,47.13,43.63,1.0,0.0,-0.0,43.63,0.0,309.51
88.7,61.33,46.58,43.4,1.0,0.0,12.36,31.04,0.0,1378.4
83.01,63.05,45.22,43.71,0.7368,0.0,12.36,31.35,0.0,1151.35
82.65,61.65,42.43,42.28,0.4737,0.0,12.36,29.92,0.0,1033.95
74.15,60.32,39.09,39.48,0.2105,0.0,9.89,29.59,0.0,704.28
73.85,59.17,35.05,36.61,-0.0,0.0,0.0,36.61,0.0,-115.21
65.59,54.9,31.35,33.28,0.0,0.0,-0.0,33.28,0.0,-126.59
53.84,52.35,25.43,30.64,0.5,0.0,12.36,18.28,0.0,384.96
52.98,50.71,23.74,28.26,0.2368,0.0,11.12,17.14,0.0,349.88
49.43,48.38,22.72,26.76,0.0,0.0,0.0,26.76,0.0,-199.7
46.4,45.01,22.2,26.19,-0.0,-0.0,0.0,26.19,0.0,-185.14
45.29,43.12,22.06,25.91,0.0,12.36,0.0,38.27,0.0,-734.15
45.82,41.73,22.61,26.04,0.2375,12.36,0.0,38.4,0.0,-723.5
49.98,40.9,23.94,26.4,0.475,12.36,0.0,38.76,0.0,-740.7
53.5,42.4,25.29,26.98,0.7125,12.36,0.0,39.34,0.0,-751.68
53.5,45.74,26.72,29.28,0.95,0.0,0.0,29.28,0.0,-136.96
52.5,48.11,28.56,33.39,0.95,0.0,6.4,26.99,0.0,82.23
49.99,49.22,29.29,35.99,0.8138,0.0,12.36,23.63,0.0,282.94
47.04,49.13,29.42,35.82,0.5507,0.0,12.36,23.46,0.0,280.36
47.49,47.38,29.12,35.3,0.2875,0.0,0.0,35.3,0.0,-293.49
41.26,44.16,27.76,32.69,0.2875,0.0,0.0,32.69,0.0,-203.41
41.3,40.88,27.3,30.36,0.2875,12.36,0.0,42.72,0.0,-636.85
40.95,39.17,27.59,29.32,0.525,12.36,0.0,41.68,0.0,-576.99
47.0,40.01,28.32,29.51,0.7625,12.36,0.0,41.87,0.0,-636.85
54.57,43.8,30.97,31.08,1.0,-0.0,0.0,31.08,0.0,-6.0
66.52,49.68,33.94,34.19,1.0,0.0,0.0,34.19,0.0,-16.63
68.07,66.27,34.5,38.81,1.0,0.0,12.36,26.45,0.0,547.96
66.06,68.59,33.49,41.22,0.7368,0.0,12.36,28.86,0.0,305.86
65.04,54.78,31.57,39.63,0.4737,0.0,12.36,27.27,0.0,279.67
56.43,50.55,29.02,36.26,0.2105,0.0,9.89,26.37,0.0,149.43
47.78,46.47,26.42,32.41,0.0,0.0,-0.0,32.41,0.0,-286.2
44.39,43.13,24.68,28.87,0.5,0.0,0.0,24.68,0.0,0.0
39.79,47.31,23.13,26.58,0.5,0.0,0.0,23.13,0.0,0.0
34.02,43.41,22.28,24.4,0.5,0.0,0.0,22.28,0.0,0.0
33.02,41.63,21.77,23.89,0.5,12.36,0.0,34.13,0.0,-408.13
33.02,41.26,21.47,23.96,0.7375,12.36,0.0,33.83,0.0,-408.13
33.98,43.08,22.17,24.65,0.975,1.3,0.0,23.47,0.0,-44.21
42.52,45.56,22.98,26.01,1.0,0.0,0.0,22.98,0.0,0.0
38.58,48.77,23.51,28.21,1.0,0.0,0.0,23.51,0.0,0.0
44.04,53.47,24.92,32.49,1.0,0.0,8.75,16.17,0.0,385.15
46.84,58.29,26.14,36.1,0.8138,0.0,12.36,13.78,0.0,578.82
46.91,55.33,26.68,36.46,0.5507,0.0,12.36,14.32,0.0,579.9
46.12,51.42,26.97,33.59,0.2875,0.0,0.0,26.97,0.0,0.0
40.07,49.19,26.41,32.76,0.2875,0.0,0.0,26.41,0.0,0.0
32.68,46.38,25.03,33.34,0.2875,12.36,0.0,37.39,0.0,-403.92
33.93,45.6,24.59,32.06,0.525,12.36,0.0,36.95,0.0,-419.37
40.13,46.84,25.02,33.21,0.7625,12.36,0.0,37.38,0.0,-496.01
46.22,49.65,25.51,34.64,1.0,0.0,0.0,25.51,0.0,0.0
52.72,51.87,27.31,36.17,1.0,0.0,0.0,27.31,0.0,0.0
60.78,53.06,31.24,38.15,1.0,0.0,0.0,31.24,0.0,0.0
61.19,59.29,32.9,39.66,1.0,0.0,12.36,20.54,0.0,756.43
59.77,72.76,32.42,38.68,0.7368,0.0,12.36,20.06,0.0,738.59
56.01,61.71,30.73,36.32,0.4737,0.0,12.36,18.37,0.0,692.39
48.15,55.0,28.22,33.52,0.2105,0.0,9.89,18.33,0.0,476.05
42.32,48.94,25.55,29.68,0.0,0.0,0.0,25.55,0.0,0.0
48.91,48.03,27.55,27.34,0.5,0.0,9.98,17.57,0.0,488.16
47.97,44.85,25.88,25.33,0.2875,0.0,0.0,25.88,0.0,0.0
43.43,39.3,25.07,23.34,0.2875,12.36,0.0,37.43,0.0,-536.79
42.24,37.0,24.83,22.98,0.525,12.36,0.0,37.19,0.0,-522.09
43.47,37.98,25.06,23.35,0.7625,12.36,0.0,37.42,0.0,-537.29
49.8,43.97,26.34,24.75,1.0,0.0,0.0,26.34,0.0,0.0
56.49,54.92,31.06,27.24,1.0,0.0,0.0,31.06,0.0,0.0
71.9,64.69,36.22,30.09,1.0,0.0,9.89,26.33,0.0,710.86
77.42,70.38,40.52,33.74,0.7895,0.0,12.36,28.16,0.0,957.06
76.33,71.35,41.15,35.9,0.5263,0.0,12.36,28.79,0.0,943.23
70.64,66.64,40.64,37.19,0.2632,0.0,12.36,28.28,0.0,873.25
66.11,61.64,40.24,36.33,0.0,0.0,0.0,40.24,0.0,0.0
56.35,57.48,37.77,36.9,0.0,2.6,0.0,40.37,0.0,-146.63
53.62,54.47,37.22,36.52,0.05,12.36,0.0,49.58,0.0,-662.74
62.21,53.74,38.56,36.52,0.2875,12.36,0.0,50.92,0.0,-768.92
62.27,54.86,38.97,36.71,0.525,12.36,0.0,51.33,0.0,-769.66
62.42,57.47,39.19,36.97,0.7625,12.36,0.0,51.55,0.0,-771.51
63.6,60.74,38.66,37.2,1.0,0.0,0.0,38.66,0.0,0.0
67.0,62.45,38.48,37.34,1.0,0.0,0.0,38.48,0.0,0.0
72.9,65.97,38.87,37.72,1.0,0.0,12.36,26.51,0.0,901.19
78.06,78.11,40.02,39.14,0.7368,0.0,12.36,27.66,0.0,964.61
73.65,83.36,37.27,39.39,0.4737,0.0,12.36,24.91,0.0,910.46
57.31,64.52,33.23,37.03,0.2105,0.0,9.89,23.34,0.0,566.61
53.66,56.96,29.52,33.55,0.0,0.0,0.0,29.52,0.0,0.0
54.47,51.22,26.92,29.93,0.5,0.0,11.12,18.81,0.0,441.97
51.94,51.74,25.54,26.56,0.2632,0.0,12.36,14.2,0.0,589.0
49.34,47.85,24.52,25.16,0.0,0.0,0.0,25.16,0.0,-31.58
49.85,42.4,24.28,24.42,-0.0,12.36,0.0,36.78,0.0,-623.12
49.62,39.79,24.51,23.85,0.2375,12.36,0.0,36.21,0.0,-580.55
54.5,39.65,25.69,23.38,0.475,12.36,0.0,35.74,0.0,-547.72
57.65,40.86,28.84,23.01,0.7125,12.36,0.0,35.37,0.0,-376.45
64.51,45.06,34.18,22.96,0.95,2.6,0.0,25.56,0.0,555.94
65.03,52.6,38.22,23.76,1.0,0.0,0.0,23.76,0.0,940.33
61.89,57.32,39.21,25.42,1.0,0.0,12.36,13.06,0.0,1618.42
56.69,59.02,38.42,26.0,0.7368,0.0,12.36,13.64,0.0,1404.78
53.54,58.09,37.92,28.41,0.4737,0.0,12.36,16.05,0.0,1170.92
48.79,54.8,35.39,28.68,0.2105,0.0,9.89,18.79,0.0,809.82
47.56,47.76,34.93,27.4,0.0,2.6,0.0,30.0,0.0,234.37
49.89,39.1,35.72,25.92,0.05,12.36,0.0,38.28,0.0,-127.72
51.08,36.61,35.89,24.81,0.2875,12.36,0.0,37.17,0.0,-65.38
51.75,40.26,36.11,25.04,0.525,12.36,0.0,37.4,0.0,-66.76
52.68,46.93,35.71,25.49,0.7625,12.36,0.0,37.85,0.0,-112.74
56.99,51.5,35.8,26.34,1.0,0.0,0.0,26.34,0.0,539.13
67.0,54.98,36.05,27.69,1.0,-0.0,0.0,27.69,0.0,560.12
71.04,63.27,36.79,29.68,1.0,0.0,9.89,19.79,0.0,1207.54
68.37,71.55,35.65,31.97,0.7895,0.0,12.36,19.61,0.0,1096.65
59.28,72.65,32.14,32.17,0.5263,0.0,12.36,19.81,0.0,730.92
52.01,63.64,28.35,30.12,0.2632,0.0,12.36,17.76,0.0,550.79
42.19,56.72,25.9,27.99,0.5,0.0,11.12,14.78,0.0,469.24
41.59,57.39,24.57,27.33,0.2632,0.0,12.36,12.21,0.0,514.13
40.32,52.2,23.71,26.4,0.0,0.0,0.0,23.71,0.0,0.0
39.82,47.4,23.32,25.63,0.0,2.6,0.0,25.92,0.0,-103.62
39.76,44.11,23.53,24.52,0.05,12.36,0.0,35.89,0.0,-491.43
36.69,40.74,24.37,23.89,0.2875,12.36,0.0,36.73,0.0,-453.49
40.29,40.26,28.45,24.45,0.525,12.36,0.0,40.81,0.0,-497.98
49.67,45.66,33.94,26.87,0.7625,12.36,0.0,46.3,0.0,-613.92
61.04,52.61,39.25,30.97,1.0,0.0,0.0,39.25,0.0,0.0
61.76,57.65,40.85,35.56,1.0,0.0,0.0,40.85,0.0,0.0
51.94,61.16,41.01,40.36,1.0,0.0,0.0,41.01,0.0,0.0
50.09,61.38,41.1,42.47,1.0,0.0,11.15,29.95,0.0,558.75
47.98,59.35,39.4,44.81,0.7625,0.0,0.0,39.4,0.0,0.0
47.98,56.84,39.46,44.39,0.7625,0.0,0.0,39.46,0.0,0.0
51.94,55.29,40.73,44.74,0.7625,12.36,0.0,53.09,0.0,-641.98
52.67,56.23,41.17,45.2,1.0,0.0,0.0,41.17,0.0,0.0
59.5,58.45,41.57,45.13,1.0,0.0,0.0,41.57,0.0,0.0
55.63,60.48,40.89,44.76,1.0,0.0,0.0,40.89,0.0,0.0
60.58,62.57,40.26,44.38,1.0,0.0,0.0,40.26,0.0,0.0
61.92,66.15,39.55,43.82,1.0,0.0,0.0,39.55,0.0,0.0
62.06,70.92,39.06,41.88,1.0,0.0,12.36,26.7,0.0,767.18
61.42,73.28,38.56,40.21,0.7368,0.0,12.36,26.2,0.0,758.98
56.75,71.67,35.37,40.99,0.4737,0.0,12.36,23.01,0.0,701.54
45.76,67.59,31.95,39.49,0.2105,0.0,9.89,22.06,0.0,452.42
51.91,60.71,33.59,36.3,0.5,12.36,0.0,48.66,0.0,-782.28
52.16,72.95,31.72,29.6,0.7375,0.0,12.36,17.24,0.0,755.28
45.85,69.33,30.45,26.49,0.4743,0.0,8.78,17.71,0.0,583.93
44.31,63.77,29.89,24.87,0.2875,0.0,0.0,24.87,0.0,222.44
44.43,60.53,29.97,24.29,0.2875,12.36,0.0,36.65,0.0,-296.79
48.0,58.84,30.25,24.42,0.525,12.36,0.0,36.78,0.0,-313.44
53.66,58.82,33.53,24.72,0.7625,12.36,0.0,37.08,0.0,-190.49
52.61,63.41,38.27,26.98,1.0,0.0,0.0,26.98,0.0,593.97
58.7,72.33,43.47,31.6,1.0,0.0,12.36,19.24,0.0,1422.3
59.61,73.05,45.23,35.59,0.7368,0.0,12.36,23.23,0.0,1311.42
57.18,71.74,45.59,38.17,0.4737,0.0,0.0,38.17,0.0,424.28
54.01,70.11,45.86,39.23,0.4737,0.0,0.0,39.23,0.0,358.09
49.4,67.53,44.4,38.66,0.4737,0.0,0.0,38.66,0.0,283.56
47.76,65.87,44.63,37.83,0.4737,0.0,0.0,37.83,0.0,324.77
49.89,65.21,45.49,37.08,0.4737,4.07,0.0,41.15,0.0,216.31
50.25,64.84,45.72,36.95,0.552,12.36,0.0,49.31,0.0,-180.4
52.91,65.61,45.85,37.98,0.7895,0.0,0.0,37.98,0.0,416.4
53.14,67.58,45.27,38.45,0.7895,0.0,0.0,38.45,0.0,362.41
51.61,69.78,44.47,38.73,0.7895,0.0,0.0,38.73,0.0,296.24
54.18,72.08,43.12,39.18,0.7895,0.0,0.0,39.18,0.0,213.47
54.47,74.08,42.28,38.64,0.7895,0.0,12.36,26.28,0.0,871.52
54.63,74.39,41.39,38.1,0.5263,0.0,12.36,25.74,0.0,854.96
50.9,73.5,38.92,37.15,0.2632,0.0,12.36,24.79,0.0,719.22
46.85,71.33,35.68,35.08,0.0,0.0,-0.0,35.08,0.0,28.11
60.08,68.05,29.69,31.9,0.5,0.0,0.0,31.9,0.0,-132.78
54.79,71.45,27.77,30.72,0.5,0.0,0.0,30.72,0.0,-161.63
51.24,71.52,26.49,28.18,0.5,0.0,0.0,28.18,0.0,-86.6
51.25,69.54,25.71,25.92,0.5,0.0,0.0,25.92,0.0,-10.76
48.85,67.96,25.19,24.75,0.5,0.0,0.0,24.75,0.0,21.49
48.82,66.57,25.37,24.28,0.5,12.36,0.0,36.64,0.0,-550.2
49.43,65.7,25.26,24.41,0.7375,12.36,0.0,36.77,0.0,-568.94
52.51,66.64,27.03,26.44,0.975,1.3,0.0,27.74,0.0,-37.34
52.28,72.23,29.13,32.25,1.0,0.0,0.0,32.25,0.0,-163.11
50.06,98.03,30.78,36.04,1.0,0.0,12.36,23.68,0.0,355.43
47.11,98.61,31.32,37.86,0.7368,0.0,12.36,25.5,0.0,274.18
46.33,86.53,31.6,38.79,0.4737,0.0,8.74,30.05,0.0,72.03
46.35,82.85,31.75,39.09,0.2875,0.0,0.0,39.09,0.0,-340.21
45.47,75.01,31.44,38.69,0.2875,12.36,0.0,51.05,0.0,-891.67
43.23,76.12,31.25,38.4,0.525,12.36,0.0,50.76,0.0,-843.42
41.56,75.11,31.16,38.31,0.7625,12.36,0.0,50.67,0.0,-810.84
44.22,82.36,31.55,38.48,1.0,0.0,0.0,38.48,0.0,-306.44
52.47,88.77,32.61,39.13,1.0,0.0,-0.0,39.13,0.0,-342.1
56.47,89.43,33.81,39.14,1.0,0.0,9.89,29.25,0.0,257.39
65.71,89.0,34.98,38.53,0.7895,0.0,0.0,38.53,0.0,-233.27
66.25,100.58,35.17,37.81,0.7895,0.0,12.36,25.45,0.0,643.95
65.82,108.61,34.46,38.0,0.5263,0.0,12.36,25.64,0.0,580.53
58.29,92.49,32.03,36.6,0.2632,0.0,12.36,24.24,0.0,454.08
54.98,82.24,29.55,33.97,0.0,0.0,-0.0,33.97,0.0,-243.01
46.71,75.72,28.35,31.16,0.5,0.0,0.0,28.35,0.0,0.0
43.34,72.85,26.84,26.02,0.5,0.0,0.0,26.84,0.0,0.0
42.92,71.83,25.97,24.8,0.5,0.0,0.0,25.97,0.0,0.0
42.71,69.97,25.75,24.6,0.5,0.0,0.0,25.75,0.0,0.0
43.0,69.08,25.72,24.75,0.5,12.36,0.0,38.08,0.0,-531.48
43.66,68.74,27.17,25.55,0.7375,12.36,0.0,39.53,0.0,-539.64
52.99,69.59,31.11,26.62,0.975,1.3,0.0,32.41,0.0,-68.94
57.02,74.04,35.45,29.96,1.0,0.0,0.0,35.45,0.0,0.0
57.9,83.78,40.05,36.27,1.0,0.0,0.0,40.05,0.0,0.0
56.93,94.33,41.06,39.59,1.0,0.0,12.36,28.7,0.0,703.77
55.0,87.09,41.1,39.7,0.7368,0.0,0.0,41.1,0.0,0.0
51.2,82.74,40.97,39.77,0.7368,0.0,0.0,40.97,0.0,0.0
45.0,78.36,38.77,38.93,0.7368,12.36,0.0,51.13,0.0,-556.2
44.01,80.85,38.6,37.41,0.9743,1.34,0.0,39.94,0.0,-58.86
49.22,90.74,39.57,37.98,1.0,0.0,0.0,39.57,0.0,0.0
55.0,98.89,40.17,38.91,1.0,0.0,12.36,27.81,0.0,679.91
56.93,100.93,40.45,39.36,0.7368,0.0,12.36,28.09,0.0,703.5
57.0,97.29,39.92,39.53,0.4737,0.0,9.89,30.03,0.0,563.55
57.08,92.3,39.5,39.29,0.2632,0.0,0.0,39.5,0.0,0.0
56.69,93.49,40.06,38.4,0.2632,0.0,0.0,40.06,0.0,0.0
59.89,108.62,39.95,39.63,0.2632,0.0,12.36,27.59,0.0,740.36
53.13,96.61,37.04,40.05,0.0,0.0,0.0,37.04,0.0,0.0
46.95,83.57,33.55,36.63,0.0,0.0,0.0,33.55,0.0,0.0
44.39,82.34,30.46,32.91,0.0,0.0,0.0,30.46,0.0,0.0
43.55,77.58,27.4,29.33,0.5,0.0,4.7,22.7,0.0,204.55
43.55,69.21,25.86,28.1,0.4,0.0,4.7,21.16,0.0,204.55
43.45,67.24,25.14,26.09,0.3,0.0,4.7,20.44,0.0,204.08
43.35,63.05,24.89,24.87,0.2,5.2,0.0,30.09,0.0,-225.6
43.45,58.97,24.92,23.4,0.3,5.2,0.0,30.12,0.0,-226.12
43.71,56.4,26.06,22.75,0.4,5.2,0.0,31.26,0.0,-227.48
60.46,57.16,30.88,23.25,0.5,5.2,0.0,36.08,0.0,-314.65
68.86,66.46,35.59,24.64,0.6,5.2,0.0,40.79,0.0,-358.36
69.15,75.11,39.3,26.52,0.7,0.0,4.7,34.6,0.0,324.78
66.19,73.14,39.78,29.45,0.6,0.0,4.7,35.08,0.0,310.88
59.47,71.21,39.18,30.41,0.5,0.0,4.7,34.48,0.0,279.32
52.08,68.59,38.78,30.77,0.4,0.0,4.7,34.08,0.0,244.61
44.12,64.51,36.54,32.12,0.3,5.2,0.0,41.74,0.0,-229.61
43.47,62.16,36.28,33.69,0.4,5.2,0.0,41.48,0.0,-226.23
48.99,63.78,37.5,36.0,0.5,5.2,0.0,42.7,0.0,-254.95
54.68,66.46,37.99,36.16,0.6,5.2,0.0,43.19,0.0,-284.57
64.93,69.1,38.38,36.5,0.7,5.2,0.0,43.58,0.0,-337.91
67.18,72.77,38.41,37.39,0.8,5.2,0.0,43.61,0.0,-349.62
73.0,74.24,39.27,38.54,0.9,5.2,0.0,44.47,0.0,-379.91
76.87,75.89,40.66,39.55,1.0,0.0,4.7,35.96,0.0,361.04
75.41,84.48,39.0,41.3,0.9,0.0,4.7,34.3,0.0,354.19
69.24,86.75,36.01,39.92,0.8,0.0,4.7,31.31,0.0,325.21
50.36,76.05,32.48,36.91,0.7,0.0,4.7,27.78,0.0,236.53
46.0,71.4,29.52,33.6,0.6,0.0,4.7,24.82,0.0,216.05
37.57,67.74,24.33,30.14,0.5,0.0,12.36,17.78,0.0,246.08
35.3,66.39,22.77,26.75,0.2368,0.0,0.0,26.75,0.0,-140.49
35.13,62.89,21.89,24.24,0.2368,0.0,0.0,24.24,0.0,-82.56
34.22,60.45,21.41,22.4,0.2368,2.64,0.0,25.04,0.0,-124.09
33.86,57.72,21.26,22.07,0.2875,12.36,0.0,34.43,0.0,-445.94
35.01,56.48,21.83,22.05,0.525,12.36,0.0,34.41,0.0,-440.43
35.6,57.73,22.74,23.79,0.7625,12.36,0.0,36.15,0.0,-477.4
37.52,64.43,23.64,26.35,1.0,-0.0,0.0,26.35,0.0,-101.68
37.52,74.18,25.3,31.28,1.0,0.0,-0.0,31.28,0.0,-224.37
39.12,75.89,26.45,35.65,1.0,0.0,12.36,23.29,0.0,123.62
38.4,74.6,27.24,37.03,0.7368,0.0,12.36,24.67,0.0,98.69
38.84,72.44,27.56,38.77,0.4737,0.0,0.0,38.77,0.0,-435.4
40.1,70.11,27.3,36.63,0.4737,0.0,0.0,36.63,0.0,-374.13
37.8,67.14,26.1,31.8,0.4737,2.67,0.0,34.47,0.0,-316.41
39.68,65.26,25.88,31.32,0.525,12.36,0.0,43.68,0.0,-706.3
42.64,66.22,26.34,31.73,0.7625,12.36,0.0,44.09,0.0,-756.86
46.41,70.01,27.65,31.58,1.0,0.0,0.0,31.58,0.0,-182.39
53.71,74.98,30.37,32.71,1.0,0.0,9.89,22.82,0.0,405.4
55.35,81.31,31.66,35.08,0.7895,0.0,12.36,22.72,0.0,494.83
56.0,93.38,32.49,36.99,0.5263,0.0,12.36,24.63,0.0,440.16
51.01,81.96,31.39,37.04,0.2632,0.0,12.36,24.68,0.0,342.28
47.0,72.33,29.57,35.58,0.0,0.0,-0.0,35.58,0.0,-282.47
44.39,69.6,27.38,33.44,0.0,0.0,-0.0,33.44,0.0,-269.0
41.16,66.86,25.03,30.36,0.0,0.0,-0.0,30.36,0.0,-219.38
41.49,63.34,27.88,27.68,0.5,0.0,12.36,15.32,0.0,521.11
38.36,54.71,26.09,26.02,0.2368,0.0,11.12,14.9,0.0,429.4
35.94,47.18,25.37,25.35,0.0,2.6,0.0,27.95,0.0,-92.8
35.41,45.25,24.86,23.9,0.05,12.36,0.0,36.26,0.0,-403.67
35.45,45.33,25.3,23.56,0.2875,12.36,0.0,35.92,0.0,-376.48
40.0,44.55,27.04,23.25,0.525,12.36,0.0,35.61,0.0,-342.8
46.52,44.66,32.42,23.55,0.7625,12.36,0.0,35.91,0.0,-162.35
55.25,49.67,38.21,25.38,1.0,0.0,0.0,25.38,0.0,708.86
57.88,52.88,42.24,27.73,1.0,0.0,-0.0,27.73,0.0,839.84
56.52,54.26,43.04,29.99,1.0,0.0,0.0,29.99,0.0,737.59
52.52,54.99,42.29,31.73,1.0,0.0,11.15,20.58,0.0,1140.47
51.48,54.33,41.63,32.81,0.7625,0.0,0.0,32.81,0.0,454.05
49.15,53.13,39.61,32.9,0.7625,0.0,0.0,32.9,0.0,329.8
48.79,51.78,39.6,33.13,0.7625,0.0,0.0,33.13,0.0,315.67
49.72,50.17,41.08,33.3,0.7625,0.0,0.0,33.3,0.0,386.82
50.91,49.22,42.09,33.06,0.7625,12.36,0.0,45.42,0.0,-169.53
57.37,50.06,43.87,33.44,1.0,-0.0,0.0,33.44,0.0,598.37
59.05,53.27,45.55,35.9,1.0,0.0,0.0,35.9,0.0,569.83
59.44,57.6,44.66,38.99,1.0,0.0,0.0,38.99,0.0,337.02
59.34,60.68,43.53,39.5,1.0,0.0,9.89,29.61,0.0,825.89
54.34,62.17,41.23,38.37,0.7895,0.0,12.36,26.01,0.0,827.05
48.88,62.38,38.19,35.95,0.5263,0.0,12.36,23.59,0.0,713.65
46.49,60.98,34.57,33.47,0.2632,0.0,12.36,21.11,0.0,625.76
40.11,58.99,31.42,31.56,-0.0,0.0,0.0,31.56,0.0,-5.62
42.9,76.32,24.59,30.36,0.5,0.0,12.36,18.0,0.0,282.71
42.82,67.75,22.92,24.5,0.2368,0.0,0.0,24.5,0.0,-67.66
40.15,68.64,22.09,22.76,0.2368,0.0,11.12,11.64,0.0,419.73
39.73,65.46,21.55,22.54,-0.0,0.0,0.0,22.54,0.0,-39.33
39.66,62.92,21.4,22.71,0.0,0.0,0.0,22.71,0.0,-51.95
40.04,61.75,21.78,23.01,-0.0,2.6,0.0,25.61,0.0,-153.44
41.05,62.86,23.02,23.49,0.05,0.0,0.0,23.49,0.0,-19.29
43.08,65.49,24.06,24.81,0.05,0.0,0.0,24.81,0.0,-32.31
43.43,67.15,25.04,25.77,0.05,0.0,0.0,25.77,0.0,-31.7
43.84,67.74,26.03,26.27,0.05,0.0,0.0,26.27,0.0,-10.52
40.42,67.05,26.32,26.84,0.05,0.0,0.0,26.84,0.0,-21.02
40.25,65.31,26.38,27.17,0.05,0.0,0.0,27.17,0.0,-31.8
40.09,62.4,25.91,26.06,0.05,0.0,0.0,26.06,0.0,-6.01
37.86,57.91,24.73,25.21,0.05,12.36,0.0,37.57,0.0,-486.12
37.77,52.93,24.35,24.58,0.2875,12.36,0.0,36.94,0.0,-475.52
39.92,52.47,24.41,24.55,0.525,12.36,0.0,36.91,0.0,-499.0
43.32,57.72,24.85,24.7,0.7625,12.36,0.0,37.06,0.0,-528.94
49.87,63.85,26.1,25.37,1.0,0.0,0.0,25.37,0.0,36.41
60.66,67.94,28.77,26.9,1.0,0.0,0.0,26.9,0.0,113.43
71.02,76.27,31.82,29.78,1.0,0.0,12.36,17.42,0.0,1022.69
68.08,84.34,31.14,33.81,0.7368,0.0,12.36,21.45,0.0,659.7
60.41,78.97,29.27,33.6,0.4737,0.0,12.36,21.24,0.0,485.09
48.99,72.11,27.11,32.86,0.2105,0.0,9.89,22.97,0.0,202.72
40.89,67.93,24.92,30.45,0.0,0.0,-0.0,30.45,0.0,-226.12
46.31,68.63,23.36,28.85,0.5,0.0,12.36,16.49,0.0,318.15
44.12,58.54,22.17,26.22,0.2368,0.0,11.12,15.1,0.0,312.1
40.11,52.39,21.6,23.51,0.0,2.6,0.0,26.11,0.0,-180.98
39.29,46.87,21.41,22.72,0.05,12.36,0.0,35.08,0.0,-537.09
40.05,41.62,21.72,22.67,0.2875,12.36,0.0,35.03,0.0,-533.07
46.21,39.29,23.59,22.97,0.525,12.36,0.0,35.33,0.0,-542.51
70.85,45.13,29.03,25.17,0.7625,12.36,0.0,37.53,0.0,-602.22
73.57,58.66,34.47,29.77,1.0,-0.0,0.0,29.77,0.0,345.78
74.27,72.19,38.36,35.09,1.0,0.0,-0.0,35.09,0.0,242.86
73.34,82.27,39.09,39.44,1.0,0.0,12.36,27.08,0.0,880.81
64.78,80.26,38.7,39.86,0.7368,0.0,12.36,27.5,0.0,725.54
62.89,75.74,38.36,39.45,0.4737,0.0,0.0,39.45,0.0,-68.55
50.76,72.9,36.13,39.11,0.4737,0.0,0.0,39.11,0.0,-151.26
50.41,71.01,36.09,36.76,0.4737,4.07,0.0,40.83,0.0,-239.16
63.01,70.63,37.3,36.44,0.552,12.36,0.0,48.8,0.0,-724.62
70.81,72.94,38.03,37.39,0.7895,0.0,0.0,37.39,0.0,45.32
73.18,75.62,38.41,37.82,0.7895,0.0,0.0,37.82,0.0,43.18
73.62,77.66,38.28,38.2,0.7895,0.0,0.0,38.2,0.0,5.89
76.82,78.2,39.33,38.71,0.7895,0.0,0.0,38.71,0.0,47.63
77.92,85.38,40.51,39.58,0.7895,0.0,12.36,27.22,0.0,1035.56
74.52,100.7,38.52,41.21,0.5263,0.0,12.36,28.85,0.0,720.61
70.25,91.41,35.58,39.47,0.2632,0.0,12.36,27.11,0.0,595.02
51.09,77.97,32.16,36.71,0.0,0.0,-0.0,36.71,0.0,-232.46
46.36,75.8,29.04,33.34,0.0,0.0,-0.0,33.34,0.0,-199.35
45.96,68.37,26.74,28.33,0.5,0.0,12.36,14.38,0.0,568.16
44.15,62.29,25.38,25.4,0.2368,0.0,8.77,16.61,0.0,387.36
41.75,57.13,24.55,23.05,0.05,0.0,0.0,24.55,0.0,0.0
40.89,53.37,24.27,22.79,0.05,12.36,0.0,36.63,0.0,-505.4
41.56,49.09,24.31,22.63,0.2875,12.36,0.0,36.67,0.0,-513.68
45.18,47.27,25.66,23.1,0.525,12.36,0.0,38.02,0.0,-558.42
61.89,52.23,30.33,25.32,0.7625,12.36,0.0,42.69,0.0,-764.96
73.16,65.19,35.79,29.82,1.0,0.0,0.0,35.79,0.0,0.0
73.12,76.01,39.57,34.98,1.0,0.0,0.0,39.57,0.0,0.0
73.11,82.41,40.32,39.11,1.0,0.0,12.36,27.96,0.0,903.78
68.57,81.69,39.91,39.68,0.7368,0.0,12.36,27.55,0.0,847.34
63.96,77.24,39.53,39.47,0.4737,0.0,0.0,39.53,0.0,0.0
49.07,74.22,36.88,38.87,0.4737,0.0,0.0,36.88,0.0,0.0
47.89,73.29,36.64,37.19,0.4737,4.07,0.0,40.71,0.0,-195.15
62.78,72.66,38.21,37.04,0.552,12.36,0.0,50.57,0.0,-775.96
64.81,74.83,38.97,38.04,0.7895,0.0,0.0,38.97,0.0,0.0
70.0,76.92,39.28,38.39,0.7895,0.0,0.0,39.28,0.0,0.0
72.8,79.24,39.02,38.74,0.7895,0.0,0.0,39.02,0.0,0.0
74.47,79.73,40.08,39.26,0.7895,0.0,0.0,40.08,0.0,0.0
76.81,87.16,41.25,40.13,0.7895,0.0,12.36,28.89,0.0,949.52
70.31,108.9,38.9,41.31,0.5263,0.0,12.36,26.54,0.0,868.84
62.77,96.67,35.8,39.43,0.2632,0.0,12.36,23.44,0.0,775.96
50.38,78.37,32.14,36.66,0.0,0.0,0.0,32.14,0.0,0.0
45.31,73.26,28.96,33.52,0.0,0.0,0.0,28.96,0.0,0.0
45.0,75.21,27.32,32.12,0.5,0.0,12.36,19.76,0.0,340.2
41.56,64.14,25.89,25.71,0.2368,0.0,0.0,25.71,0.0,7.48
40.68,62.05,25.14,24.51,0.2368,0.0,0.0,24.51,0.0,25.63
39.83,60.41,24.84,24.45,0.2368,2.64,0.0,27.09,0.0,-89.47
40.46,58.88,24.94,24.27,0.2875,12.36,0.0,36.63,0.0,-472.98
42.47,57.88,26.18,24.55,0.525,12.36,0.0,36.91,0.0,-455.7
51.47,57.76,30.9,25.67,0.7625,12.36,0.0,38.03,0.0,-366.98
73.12,62.44,36.16,29.92,1.0,0.0,0.0,29.92,0.0,456.27
76.4,78.96,39.89,35.18,1.0,0.0,0.0,35.18,0.0,359.84
73.17,89.96,40.33,39.44,1.0,0.0,12.36,27.08,0.0,969.5
63.41,91.23,39.82,40.31,0.7368,0.0,12.36,27.95,0.0,752.68
54.46,80.55,39.34,39.78,0.4737,0.0,8.74,31.04,0.0,452.27
45.98,78.37,37.04,38.78,0.2875,0.0,0.0,38.78,0.0,-80.01
45.86,71.3,36.62,36.79,0.2875,12.36,0.0,49.15,0.0,-574.63
48.65,70.87,37.85,36.47,0.525,12.36,0.0,48.83,0.0,-534.18
57.16,72.29,38.43,37.42,0.7625,12.36,0.0,49.78,0.0,-648.77
68.82,75.39,38.9,37.84,1.0,0.0,0.0,37.84,0.0,72.95
73.22,78.86,38.78,38.25,1.0,0.0,0.0,38.25,0.0,38.81
75.22,80.94,39.98,38.86,1.0,0.0,9.89,28.97,0.0,828.02
75.6,84.73,41.34,39.75,0.7895,0.0,12.36,27.39,0.0,1054.62
75.61,94.26,39.08,41.61,0.5263,0.0,12.36,29.25,0.0,743.25
74.67,88.36,36.16,39.66,0.2632,0.0,12.36,27.3,0.0,661.58
55.81,78.39,32.1,36.89,0.0,0.0,-0.0,36.89,0.0,-267.33
48.85,75.7,29.05,33.61,0.0,0.0,-0.0,33.61,0.0,-222.76
47.94,73.23,27.23,31.83,0.5,0.0,12.36,19.47,0.0,372.01
44.43,65.72,25.75,25.75,0.2368,0.0,0.0,25.75,0.0,0.0
43.78,64.79,25.09,24.78,0.2368,0.0,0.0,24.78,0.0,13.57
43.61,62.01,24.83,24.29,0.2368,2.64,0.0,26.93,0.0,-91.42
43.77,59.78,24.77,24.11,0.2875,12.36,0.0,36.47,0.0,-512.11
47.63,58.81,26.24,24.49,0.525,12.36,0.0,36.85,0.0,-505.35
62.3,61.2,30.83,25.72,0.7625,12.36,0.0,38.08,0.0,-451.67
73.82,71.85,36.19,30.53,1.0,-0.0,0.0,30.53,0.0,417.82
73.45,85.55,39.61,35.71,1.0,0.0,12.36,23.35,0.0,1194.3
73.18,92.36,40.2,39.54,0.7368,0.0,12.36,27.18,0.0,952.8
64.36,81.86,39.69,40.47,0.4737,0.0,12.36,28.11,0.0,745.29
57.57,78.36,39.23,39.83,0.2105,0.0,0.0,39.83,0.0,-34.54
50.96,73.28,36.9,38.8,0.2105,0.0,0.0,38.8,0.0,-96.82
48.8,69.99,36.56,36.85,0.2105,12.36,0.0,49.21,0.0,-617.32
50.85,69.61,37.73,36.6,0.448,12.36,0.0,48.96,0.0,-571.05
64.45,72.03,38.48,37.44,0.6855,12.36,0.0,49.8,0.0,-729.57
72.8,75.65,38.84,37.84,0.923,0.0,0.0,37.84,0.0,72.8
74.61,79.33,38.89,38.27,0.923,0.0,0.0,38.27,0.0,46.26
75.58,81.17,40.09,38.85,0.923,0.0,6.27,32.58,0.0,567.81
81.02,85.48,41.37,39.81,0.7895,0.0,12.36,27.45,0.0,1127.8
77.38,95.01,39.1,41.71,0.5263,0.0,12.36,29.35,0.0,754.46
71.85,86.84,36.28,39.66,0.2632,0.0,12.36,27.3,0.0,645.21
62.62,78.54,32.52,36.95,0.0,0.0,-0.0,36.95,0.0,-277.41
51.8,75.71,29.38,33.7,0.0,0.0,-0.0,33.7,0.0,-223.78
51.98,73.76,27.12,31.29,0.5,0.0,12.36,14.76,0.0,642.58
46.34,65.64,25.6,27.04,0.2368,0.0,8.77,16.83,0.0,406.57
45.85,59.69,24.85,26.06,0.05,0.0,0.0,24.85,0.0,0.0
45.64,57.91,24.48,25.28,0.05,12.36,0.0,36.84,0.0,-564.11
45.72,55.83,24.58,25.4,0.2875,12.36,0.0,36.94,0.0,-565.1
49.85,54.8,26.02,25.79,0.525,12.36,0.0,38.38,0.0,-616.15
66.88,56.29,30.77,27.04,0.7625,12.36,0.0,43.13,0.0,-826.64
73.32,65.89,36.15,31.48,1.0,0.0,0.0,36.15,0.0,0.0
73.99,79.12,39.63,36.29,1.0,0.0,0.0,39.63,0.0,0.0
72.84,84.3,40.03,39.78,1.0,0.0,12.36,27.67,0.0,900.45
68.43,83.82,39.45,40.5,0.7368,0.0,12.36,27.09,0.0,845.61
62.93,78.76,38.91,39.82,0.4737,0.0,0.0,38.91,0.0,0.0
51.69,76.11,36.67,38.82,0.4737,0.0,0.0,36.67,0.0,0.0
51.01,71.68,36.3,36.69,0.4737,12.36,0.0,48.66,0.0,-630.48
62.79,69.89,37.26,36.69,0.7112,12.36,0.0,49.62,0.0,-776.08
68.58,72.13,37.94,37.49,0.9487,2.67,0.0,40.61,0.0,-183.09
73.0,75.27,38.24,37.84,1.0,0.0,0.0,38.24,0.0,0.0
74.3,78.75,38.29,38.22,1.0,0.0,0.0,38.29,0.0,0.0
73.32,80.67,39.66,38.86,1.0,0.0,9.89,29.77,0.0,724.9
77.69,84.95,40.92,39.92,0.7895,0.0,12.36,28.56,0.0,960.4
73.36,94.89,38.3,41.68,0.5263,0.0,12.36,25.94,0.0,906.53
73.4,86.28,35.41,39.54,0.2632,0.0,12.36,23.05,0.0,907.37
63.66,77.15,31.78,36.71,0.0,0.0,0.0,31.78,0.0,0.0
47.89,74.7,28.75,33.37,0.0,0.0,0.0,28.75,0.0,0.0
58.56,70.87,27.11,29.56,0.5,0.0,12.36,17.2,0.0,580.33
53.18,67.83,25.63,28.13,0.2368,0.0,11.12,17.01,0.0,458.62
48.65,64.07,24.7,26.86,-0.0,0.0,0.0,26.86,0.0,-105.08
47.8,62.12,24.22,26.12,-0.0,0.0,0.0,26.12,0.0,-90.82
47.82,60.44,24.09,25.19,0.0,2.67,0.0,27.86,0.0,-180.31
47.72,59.52,24.58,24.34,0.0513,12.36,0.0,36.7,0.0,-578.37
57.04,60.06,27.01,25.0,0.2888,12.36,0.0,37.36,0.0,-590.36
64.55,62.28,29.8,26.09,0.5263,0.0,0.0,26.09,0.0,239.48
68.2,65.58,31.72,27.77,0.5263,0.0,0.0,27.77,0.0,269.39
65.86,67.75,32.39,29.25,0.5263,0.0,12.36,16.89,0.0,1020.83
52.89,67.89,31.92,29.88,0.2632,0.0,12.36,17.52,0.0,761.62
46.81,66.21,31.11,29.48,0.0,0.0,0.0,29.48,0.0,76.3
43.93,63.75,29.52,28.76,-0.0,0.0,0.0,28.76,0.0,33.39
43.14,60.05,28.16,27.41,-0.0,12.36,0.0,39.77,0.0,-500.86
43.0,54.14,28.05,25.57,0.2375,12.36,0.0,37.93,0.0,-424.84
44.17,49.76,28.31,25.82,0.475,12.36,0.0,38.18,0.0,-435.96
45.02,52.41,28.84,26.04,0.7125,12.36,0.0,38.4,0.0,-430.39
54.39,60.36,29.85,26.63,0.95,2.6,0.0,29.23,0.0,33.61
68.65,68.3,32.38,27.93,1.0,0.0,0.0,27.93,0.0,305.49
74.62,75.2,34.88,30.79,1.0,0.0,12.36,18.43,0.0,1227.5
69.44,84.78,32.84,33.91,0.7368,0.0,12.36,21.55,0.0,783.98
57.44,80.9,30.34,33.07,0.4737,0.0,12.36,20.71,0.0,553.15
45.0,73.13,27.94,31.23,0.2105,0.0,9.89,21.34,0.0,296.91
43.61,68.85,25.66,28.86,-0.0,0.0,0.0,28.86,0.0,-139.55
42.6,74.46,24.2,29.58,0.5,0.0,12.36,17.22,0.0,297.35
39.56,65.15,22.68,25.95,0.2368,0.0,11.12,14.83,0.0,310.7
40.25,59.28,21.82,24.28,0.0,0.0,0.0,24.28,0.0,-99.02
39.91,56.27,21.26,24.23,-0.0,-0.0,0.0,24.23,0.0,-118.53
39.05,52.65,20.92,23.21,0.0,0.0,0.0,23.21,0.0,-89.42
39.39,49.06,21.25,22.16,-0.0,12.36,0.0,34.52,0.0,-522.71
41.91,45.65,22.64,22.75,0.2375,12.36,0.0,35.11,0.0,-522.62
43.17,44.29,23.74,26.15,0.475,12.36,0.0,38.51,0.0,-637.62
43.25,45.83,25.01,28.98,0.7125,12.36,0.0,41.34,0.0,-706.27
42.4,49.44,26.05,28.68,0.95,2.6,0.0,31.28,0.0,-221.84
43.16,56.29,26.48,26.77,1.0,0.0,0.0,26.77,0.0,-12.52
43.34,59.92,26.58,26.91,1.0,0.0,12.36,14.55,0.0,521.38
41.97,59.54,26.07,26.76,0.7368,0.0,9.95,16.81,0.0,388.63
37.11,57.5,24.81,26.09,0.525,0.0,0.0,26.09,0.0,-47.5
36.78,55.8,24.47,25.52,0.525,0.0,0.0,25.52,0.0,-38.62
39.61,52.31,24.72,25.76,0.525,12.36,0.0,38.12,0.0,-530.77
40.53,50.34,25.21,25.77,0.7625,12.36,0.0,38.13,0.0,-523.65
40.73,54.3,26.29,26.37,1.0,0.0,0.0,26.37,0.0,-3.26
49.87,58.07,29.0,27.85,1.0,0.0,0.0,27.85,0.0,57.35
65.4,65.8,31.82,30.85,1.0,0.0,9.89,20.96,0.0,710.11
64.6,77.07,30.67,33.57,0.7895,0.0,12.36,21.21,0.0,611.12
56.77,73.44,29.07,32.65,0.5263,0.0,12.36,20.29,0.0,498.44
43.67,65.83,26.76,30.74,0.2632,0.0,12.36,18.38,0.0,365.95
37.89,61.38,24.54,28.72,-0.0,0.0,0.0,28.72,0.0,-158.38
39.78,67.71,23.04,27.48,0.5,0.0,12.36,10.68,0.0,491.76
35.94,55.68,21.84,25.31,0.2368,0.0,11.12,10.72,0.0,399.73
34.12,48.74,21.36,22.69,0.0,2.6,0.0,23.96,0.0,-88.78
33.4,43.18,21.0,21.97,0.05,12.36,0.0,33.36,0.0,-412.82
33.53,38.34,21.34,21.97,0.2875,12.36,0.0,33.7,0.0,-414.43
39.34,36.52,23.11,22.24,0.525,12.36,0.0,35.47,0.0,-486.24
47.22,43.25,28.62,23.96,0.7625,12.36,0.0,40.98,0.0,-583.64
63.0,57.6,34.45,28.31,1.0,0.0,0.0,34.45,0.0,0.0
62.58,70.02,38.34,33.92,1.0,0.0,0.0,38.34,0.0,0.0
59.1,77.83,39.01,38.8,1.0,0.0,12.36,26.65,0.0,730.59
51.91,80.23,38.66,39.93,0.7368,0.0,12.36,26.3,0.0,641.47
52.17,75.49,38.32,39.63,0.4737,0.0,0.0,38.32,0.0,0.0
47.23,72.49,36.05,39.47,0.4737,0.0,0.0,36.05,0.0,0.0
46.15,68.36,35.93,38.19,0.4737,12.36,0.0,48.29,0.0,-570.41
49.47,68.12,37.25,36.85,0.7112,12.36,0.0,49.61,0.0,-611.45
52.01,68.41,37.93,37.8,0.9487,2.67,0.0,40.6,0.0,-138.85
59.14,72.02,38.22,38.3,1.0,0.0,0.0,38.22,0.0,0.0
60.85,75.59,38.03,38.64,1.0,0.0,0.0,38.03,0.0,0.0
74.06,77.0,39.31,39.11,1.0,0.0,0.0,39.31,0.0,0.0
74.22,85.97,40.34,40.2,1.0,0.0,12.36,27.98,0.0,917.51
66.39,108.38,37.86,41.17,0.7368,0.0,12.36,25.5,0.0,820.4
53.06,94.24,35.1,39.29,0.4737,0.0,12.36,22.74,0.0,655.93
48.44,77.61,31.66,36.61,0.2105,0.0,9.89,21.77,0.0,478.91
45.02,72.67,28.6,33.49,0.0,0.0,0.0,28.6,0.0,0.0
43.67,63.61,26.76,29.02,0.5,0.0,12.36,16.66,0.0,441.07
42.41,61.36,25.49,27.42,0.2368,0.0,8.78,18.64,0.0,290.32
40.94,56.68,24.59,25.55,0.05,0.0,0.0,25.55,0.0,-39.3
40.8,54.4,24.42,24.47,0.05,12.36,0.0,36.83,0.0,-506.33
41.47,52.34,24.58,24.55,0.2875,12.36,0.0,36.91,0.0,-511.33
43.67,51.48,25.76,25.21,0.525,12.36,0.0,37.57,0.0,-515.74
46.99,54.2,30.4,27.38,0.7625,12.36,0.0,39.74,0.0,-438.89
56.43,63.55,35.94,30.44,1.0,-0.0,0.0,30.44,0.0,310.36
62.32,74.32,39.62,35.01,1.0,0.0,-0.0,35.01,0.0,287.3
60.95,80.2,39.83,39.03,1.0,0.0,-0.0,39.03,0.0,48.76
54.05,81.33,39.32,40.07,1.0,0.0,12.36,27.71,0.0,627.52
51.51,77.68,38.84,39.73,0.7368,0.0,0.0,39.73,0.0,-45.84
47.0,75.43,36.54,39.44,0.7368,0.0,0.0,39.44,0.0,-136.3
45.8,72.98,36.25,37.49,0.7368,0.0,0.0,37.49,0.0,-56.79
45.51,71.52,37.48,36.56,0.7368,12.36,0.0,48.92,0.0,-520.63
47.17,72.58,38.15,37.54,0.9743,0.0,0.0,37.54,0.0,28.77
50.31,75.61,38.46,38.14,0.9743,0.0,0.0,38.14,0.0,16.1
54.88,78.47,38.6,38.54,0.9743,0.0,0.0,38.54,0.0,3.29
61.06,80.27,39.9,38.93,0.9743,0.0,8.68,30.25,0.0,589.41
66.21,85.74,41.01,39.73,0.7895,0.0,12.36,27.37,0.0,903.1
56.17,93.11,38.59,40.76,0.5263,0.0,12.36,28.4,0.0,572.37
48.96,83.26,35.56,39.22,0.2632,0.0,12.36,26.86,0.0,425.95
44.49,76.53,31.81,36.75,0.0,0.0,-0.0,36.75,0.0,-219.78
43.21,72.56,28.82,33.5,0.0,0.0,-0.0,33.5,0.0,-202.22
45.53,76.87,27.07,29.64,0.5,0.0,12.36,14.71,0.0,562.84
44.79,72.51,25.76,28.74,0.2368,0.0,11.12,14.64,0.0,498.16
41.3,63.96,24.9,27.57,0.0,2.6,0.0,27.5,0.0,-107.47
38.96,62.69,24.55,26.56,0.05,12.36,0.0,36.91,0.0,-481.55
39.22,61.4,24.65,26.03,0.2875,12.36,0.0,37.01,0.0,-484.76
42.0,61.34,25.91,25.93,0.525,12.36,0.0,38.27,0.0,-519.12
48.94,63.01,30.53,26.08,0.7625,12.36,0.0,42.89,0.0,-604.9
60.96,68.01,35.99,28.37,1.0,0.0,0.0,35.99,0.0,0.0
66.4,81.9,39.65,33.67,1.0,0.0,0.0,39.65,0.0,0.0
60.44,90.25,39.71,38.76,1.0,0.0,12.36,27.35,0.0,747.16
53.65,106.22,39.03,40.18,0.7368,0.0,12.36,26.67,0.0,662.97
50.15,97.0,38.5,39.98,0.4737,0.0,12.36,26.14,0.0,619.95
45.24,86.16,36.15,39.11,0.2105,0.0,9.89,26.26,0.0,447.28
44.38,76.4,35.8,37.12,0.0,4.01,0.0,39.81,0.0,-177.84
44.43,72.1,36.96,36.61,0.077,12.36,0.0,49.32,0.0,-549.15
46.53,71.65,37.62,37.6,0.3145,12.36,0.0,49.98,0.0,-575.11
48.05,73.84,37.95,38.07,0.552,12.36,0.0,50.31,0.0,-593.9
52.0,77.05,38.19,38.46,0.7895,0.0,0.0,38.19,0.0,0.0
60.96,79.7,39.7,38.87,0.7895,0.0,0.0,39.7,0.0,0.0
68.59,86.14,40.7,39.9,0.7895,0.0,12.36,28.34,0.0,847.91
54.57,98.77,38.32,41.1,0.5263,0.0,12.36,25.96,0.0,674.34
49.1,87.82,35.35,39.23,0.2632,0.0,12.36,22.99,0.0,606.97
46.0,77.76,31.77,36.46,0.0,0.0,0.0,31.77,0.0,0.0
44.89,75.52,28.83,33.09,0.0,0.0,0.0,28.83,0.0,0.0
38.07,70.06,26.95,29.77,0.5,0.0,9.98,16.97,0.0,379.97
36.71,66.43,25.57,26.15,0.2875,0.0,0.0,25.57,0.0,0.0
31.47,65.49,24.85,24.82,0.2875,0.0,0.0,24.85,0.0,0.0
30.38,63.64,24.58,25.27,0.2875,0.0,0.0,24.58,0.0,0.0
31.72,61.89,24.72,24.97,0.2875,12.36,0.0,37.08,0.0,-392.06
38.0,60.75,26.01,25.25,0.525,12.36,0.0,38.37,0.0,-469.68
44.25,62.03,30.63,27.04,0.7625,12.36,0.0,42.99,0.0,-546.93
52.31,70.79,36.14,31.54,1.0,0.0,0.0,36.14,0.0,0.0
60.0,78.06,39.55,36.48,1.0,0.0,0.0,39.55,0.0,0.0
56.79,84.28,39.96,39.73,1.0,0.0,12.36,27.6,0.0,702.04
52.08,84.65,39.6,40.47,0.7368,0.0,12.36,27.24,0.0,643.57
48.54,79.76,39.13,39.88,0.4737,0.0,0.0,39.13,0.0,0.0
44.36,78.9,36.88,39.28,0.4737,0.0,0.0,36.88,0.0,0.0
44.63,73.89,36.63,38.17,0.4737,0.0,0.0,36.63,0.0,0.0
46.97,72.84,37.7,37.35,0.4737,12.36,0.0,50.06,0.0,-580.55
48.05,72.92,38.37,38.3,0.7112,4.07,0.0,42.44,0.0,-195.8
48.77,75.05,38.66,38.68,0.7895,0.0,0.0,38.66,0.0,0.0
55.0,76.8,38.47,39.04,0.7895,0.0,0.0,38.47,0.0,0.0
60.0,76.79,39.87,39.7,0.7895,0.0,0.0,39.87,0.0,0.0
66.19,82.48,40.77,41.19,0.7895,0.0,12.36,28.41,0.0,818.24
57.0,94.9,38.25,40.68,0.5263,0.0,12.36,25.89,0.0,704.37
47.25,81.91,35.38,39.7,0.2632,0.0,12.36,23.02,0.0,584.1
44.25,73.86,31.74,37.56,0.0,0.0,0.0,31.74,0.0,0.0
42.23,70.39,28.75,34.47,0.0,0.0,0.0,28.75,0.0,0.0
38.77,72.94,27.04,29.44,0.5,0.0,12.36,14.68,0.0,479.27
36.54,66.29,25.67,26.36,0.2368,0.0,0.0,25.67,0.0,0.0
29.99,64.73,24.7,25.12,0.2368,0.0,0.0,24.7,0.0,0.0
32.19,63.02,24.56,25.23,0.2368,2.64,0.0,27.2,0.0,-84.93
32.67,61.31,24.74,24.93,0.2875,12.36,0.0,37.1,0.0,-403.8
39.62,60.43,26.04,25.33,0.525,12.36,0.0,38.4,0.0,-489.7
42.88,61.71,30.43,26.72,0.7625,12.36,0.0,42.79,0.0,-530.0
47.9,70.23,35.76,30.35,1.0,0.0,0.0,35.76,0.0,0.0
52.72,78.63,39.3,35.11,1.0,0.0,0.0,39.3,0.0,0.0
52.49,82.74,39.64,39.1,1.0,0.0,12.36,27.28,0.0,648.88
46.09,84.43,39.31,40.48,0.7368,0.0,12.36,26.95,0.0,569.55
44.54,79.69,38.87,39.99,0.4737,0.0,7.48,31.39,0.0,333.04
42.73,77.51,36.53,39.43,0.3145,0.0,0.0,36.53,0.0,0.0
41.41,72.33,36.13,37.6,0.3145,0.0,0.0,36.13,0.0,0.0
41.67,69.62,37.09,36.61,0.3145,12.36,0.0,49.45,0.0,-515.04
42.96,70.16,37.55,37.49,0.552,12.36,0.0,49.91,0.0,-530.99
44.66,72.56,37.78,37.93,0.7895,0.0,0.0,37.78,0.0,0.0
47.05,75.33,37.71,38.36,0.7895,0.0,0.0,37.71,0.0,0.0
51.78,77.92,39.24,38.96,0.7895,0.0,0.0,39.24,0.0,0.0
58.56,81.54,40.23,40.04,0.7895,0.0,12.36,27.87,0.0,723.92
48.19,89.72,37.45,40.89,0.5263,0.0,12.36,25.09,0.0,595.5
44.52,82.27,34.53,38.99,0.2632,0.0,12.36,22.17,0.0,550.36
41.64,73.11,31.19,36.33,0.0,0.0,0.0,31.19,0.0,0.0
39.14,69.37,28.27,33.02,0.0,0.0,0.0,28.27,0.0,0.0
37.66,74.07,26.78,29.03,,,,,,
36.04,68.46,25.39,25.27,,,,,,
32.93,59.6,24.44,24.01,,,,,,
32.7,57.45,23.92,23.45,,,,,,
32.7,54.41,23.88,22.99,,,,,,
32.9,50.89,24.46,22.36,,,,,,
37.66,47.19,26.57,22.7,,,,,,
45.68,44.9,29.66,23.47,,,,,,
45.76,44.35,31.28,24.07,,,,,,
42.5,46.63,31.84,24.33,,,,,,
37.19,52.07,31.32,25.34,,,,,,
34.32,56.73,30.37,26.56,,,,,,
32.91,57.67,28.82,28.42,,,,,,
30.84,55.22,27.49,29.6,,,,,,
31.13,53.4,27.24,29.42,,,,,,
32.88,51.78,27.51,28.91,,,,,,
37.78,52.43,27.94,28.94,,,,,,
41.36,57.84,29.23,29.45,,,,,,
58.18,65.09,32.27,30.98,,,,,,
65.35,74.15,34.37,34.13,,,,,,
61.98,79.63,32.66,35.37,,,,,,
49.61,75.02,30.16,33.98,,,,,,
38.98,71.3,27.68,31.67,,,,,,
37.77,66.62,25.34,29.0,,,,,,
37.74,67.27,24.09,25.28,0.5,0.0,12.36,12.92,0.0,421.56
36.64,59.51,22.74,23.89,0.2368,0.0,11.12,12.77,0.0,365.45
35.37,57.45,21.99,23.52,-0.0,0.0,0.0,23.52,0.0,-54.12
35.05,53.98,21.82,22.86,-0.0,0.0,0.0,22.86,0.0,-36.45
34.05,50.63,21.36,22.34,0.0,2.6,0.0,24.94,0.0,-121.97
34.06,47.19,21.35,22.65,0.05,12.36,0.0,35.01,0.0,-465.26
34.06,45.01,21.76,23.36,0.2875,12.36,0.0,35.72,0.0,-475.48
36.13,44.44,22.73,24.05,0.525,12.36,0.0,36.41,0.0,-494.26
35.43,46.68,23.55,23.91,0.7625,12.36,0.0,36.27,0.0,-450.67
35.99,52.19,24.75,24.49,1.0,-0.0,0.0,24.49,0.0,9.36
36.24,57.5,25.75,26.17,1.0,0.0,0.0,26.17,0.0,-15.22
34.99,58.98,26.12,27.56,1.0,0.0,12.36,15.2,0.0,382.09
33.83,56.6,26.17,29.64,0.7368,0.0,0.0,29.64,0.0,-117.39
35.19,54.16,25.81,30.84,0.7368,0.0,0.0,30.84,0.0,-177.01
34.55,52.24,24.73,30.43,0.7368,1.34,0.0,31.77,0.0,-243.07
35.87,50.69,24.46,30.09,0.7625,12.36,0.0,42.45,0.0,-645.3
40.44,53.5,24.79,29.94,1.0,0.0,0.0,29.94,0.0,-208.27
44.22,59.8,25.87,30.27,1.0,0.0,-0.0,30.27,0.0,-194.57
50.95,67.43,27.29,31.75,1.0,0.0,0.0,31.75,0.0,-227.24
62.5,77.81,29.89,34.6,1.0,0.0,12.36,22.24,0.0,478.12
63.58,80.97,31.37,35.43,0.7368,0.0,12.36,23.07,0.0,527.71
61.69,75.44,30.47,34.01,0.4737,0.0,12.36,21.65,0.0,544.11
50.68,71.64,28.72,31.7,0.2105,0.0,9.89,21.81,0.0,350.1
43.49,67.19,26.77,29.06,-0.0,0.0,0.0,29.06,0.0,-99.59
36.77,69.33,22.98,27.22,0.5,6.51,0.0,29.49,0.0,-239.2
33.43,62.91,21.83,25.43,0.625,6.51,0.0,28.34,0.0,-217.47
32.38,59.76,21.25,23.15,0.75,6.51,0.0,27.76,0.0,-210.64
30.78,57.63,21.05,23.07,0.875,6.51,0.0,27.56,0.0,-200.23
30.94,55.95,21.42,23.04,1.0,0.0,0.0,21.42,0.0,0.0
36.1,55.77,23.52,23.49,1.0,0.0,0.0,23.52,0.0,0.0
45.01,60.18,28.83,25.39,1.0,0.0,5.87,22.96,0.0,264.25
53.34,70.79,34.44,30.1,0.875,0.0,5.87,28.57,0.0,313.16
55.49,78.22,38.29,36.47,0.75,0.0,5.87,32.42,0.0,325.78
55.66,82.25,38.99,39.72,0.625,0.0,5.87,33.12,0.0,326.78
54.62,80.01,38.71,39.46,0.5,0.0,5.87,32.84,0.0,320.67
51.0,76.03,38.33,39.22,0.375,0.0,5.87,32.46,0.0,299.42
48.0,72.68,36.47,38.43,0.25,0.0,5.87,30.6,0.0,281.81
50.9,71.0,36.54,36.39,0.125,0.0,5.87,30.67,0.0,298.83
53.0,71.5,37.71,37.16,0.0,0.0,0.0,37.71,0.0,0.0
58.0,74.07,38.41,37.94,0.0,0.0,0.0,38.41,0.0,0.0
61.26,76.47,39.21,38.39,0.0,0.0,0.0,39.21,0.0,0.0
61.8,78.36,38.97,39.03,0.0,0.0,0.0,38.97,0.0,0.0
64.29,84.8,39.9,40.38,0.0,0.0,0.0,39.9,0.0,0.0
62.32,98.36,39.99,41.13,0.0,0.0,0.0,39.99,0.0,0.0
59.39,90.66,37.86,38.96,0.0,0.0,0.0,37.86,0.0,0.0
52.13,77.6,35.04,36.37,0.0,0.0,0.0,35.04,0.0,0.0
46.42,74.95,31.43,33.01,0.0,0.0,0.0,31.43,0.0,0.0
42.3,69.94,28.37,29.78,0.0,0.0,0.0,28.37,0.0,0.0
40.77,69.37,26.14,27.17,0.5,0.0,12.36,14.81,0.0,461.92
40.0,61.77,24.84,25.54,0.2368,0.0,8.78,16.76,0.0,323.02
35.83,57.48,24.03,23.32,0.05,0.0,0.0,23.32,0.0,25.44
36.14,54.14,23.9,23.24,0.05,12.36,0.0,35.6,0.0,-422.84
37.55,51.26,24.11,23.23,0.2875,12.36,0.0,35.59,0.0,-431.07
40.6,50.07,25.61,23.67,0.525,12.36,0.0,36.03,0.0,-423.05
45.03,54.89,30.27,25.49,0.7625,12.36,0.0,37.85,0.0,-341.33
53.5,65.21,35.65,30.24,1.0,-0.0,0.0,30.24,0.0,289.43
58.0,74.16,39.32,36.43,1.0,0.0,0.0,36.43,0.0,167.62
55.05,81.33,39.82,39.81,1.0,0.0,12.36,27.45,0.0,680.97
52.94,81.14,39.47,39.62,0.7368,0.0,12.36,27.26,0.0,646.4
50.93,76.44,39.03,39.47,0.4737,0.0,0.0,39.47,0.0,-22.41
49.26,72.76,37.2,38.97,0.4737,0.0,0.0,38.97,0.0,-87.19
48.64,70.72,36.72,37.33,0.4737,12.36,0.0,49.69,0.0,-630.86
52.3,69.91,38.11,37.6,0.7112,12.36,0.0,49.96,0.0,-619.76
58.0,71.39,39.05,38.43,0.9487,2.67,0.0,41.1,0.0,-118.93
59.24,74.67,39.69,38.76,1.0,0.0,0.0,38.76,0.0,55.09
63.13,78.41,39.68,39.46,1.0,0.0,0.0,39.46,0.0,13.89
66.7,83.69,40.49,40.83,1.0,0.0,12.36,28.47,0.0,801.73
62.08,101.86,40.73,41.27,0.7368,0.0,12.36,28.91,0.0,733.79
55.3,105.12,38.32,39.63,0.4737,0.0,12.36,27.27,0.0,611.06
46.65,80.76,35.29,37.58,0.2105,0.0,9.89,27.69,0.0,354.45
44.29,73.75,31.73,34.61,0.0,0.0,-0.0,34.61,0.0,-127.56
40.97,69.91,28.77,31.11,0.0,0.0,-0.0,31.11,0.0,-95.87
38.46,75.98,26.61,29.88,0.5,0.0,12.36,17.52,0.0,349.6
37.02,65.93,25.22,26.07,0.2368,0.0,0.0,26.07,0.0,-31.47
36.14,63.77,24.46,25.34,0.2368,0.0,0.0,25.34,0.0,-31.8
35.58,63.57,24.02,25.05,0.2368,2.64,0.0,27.69,0.0,-130.45
36.15,62.01,24.31,24.78,0.2875,12.36,0.0,37.14,0.0,-463.8
38.25,60.98,25.72,25.16,0.525,12.36,0.0,37.52,0.0,-451.35
46.67,62.14,30.6,26.87,0.7625,12.36,0.0,39.23,0.0,-402.76
54.12,68.63,36.1,32.4,1.0,0.0,0.0,32.4,0.0,200.24
57.6,77.64,39.72,37.62,1.0,0.0,-0.0,37.62,0.0,120.96
54.82,84.65,40.33,40.33,1.0,0.0,12.36,27.97,0.0,677.58
55.07,86.58,40.32,40.33,0.7368,0.0,12.36,27.97,0.0,680.11
55.07,80.58,39.95,39.77,0.4737,0.0,0.0,39.77,0.0,9.91
55.0,78.22,37.95,38.58,0.4737,0.0,0.0,38.58,0.0,-34.65
53.0,73.51,37.67,37.13,0.4737,12.36,0.0,49.49,0.0,-626.46
53.68,75.21,38.89,37.74,0.7112,0.0,0.0,37.74,0.0,61.73
57.9,74.31,39.7,38.33,0.7112,4.07,0.0,42.4,0.0,-156.58
58.5,76.28,40.3,38.71,0.7895,0.0,0.0,38.71,0.0,93.01
61.57,78.63,40.06,39.52,0.7895,0.0,0.0,39.52,0.0,33.25
67.25,82.66,40.61,40.85,0.7895,0.0,12.36,28.49,0.0,815.07
60.95,94.02,40.73,41.39,0.5263,0.0,12.36,29.03,0.0,713.11
56.28,86.3,38.07,39.78,0.2632,0.0,12.36,27.42,0.0,599.38
46.18,76.7,35.08,37.89,0.0,0.0,-0.0,37.89,0.0,-129.77
44.18,73.16,31.53,35.05,0.0,0.0,-0.0,35.05,0.0,-155.51
42.17,71.31,28.33,31.42,0.0,0.0,-0.0,31.42,0.0,-130.31
38.48,71.58,26.34,27.11,0.5,0.0,0.0,26.34,0.0,0.0
35.97,74.42,24.98,26.61,0.5,0.0,9.98,15.0,0.0,359.01
33.97,69.89,24.11,24.8,0.2875,0.0,0.0,24.11,0.0,0.0
33.16,66.48,23.74,24.15,0.2875,12.36,0.0,36.1,0.0,-409.86
33.95,64.32,24.07,23.89,0.525,12.36,0.0,36.43,0.0,-419.62
36.07,63.79,25.46,24.4,0.7625,12.36,0.0,37.82,0.0,-445.83
42.69,68.03,30.38,26.06,1.0,0.0,0.0,30.38,0.0,0.0
48.41,78.57,35.76,30.7,1.0,0.0,0.0,35.76,0.0,0.0
55.5,86.88,39.33,36.02,1.0,0.0,12.36,26.97,0.0,686.09
55.35,93.59,39.85,39.42,0.7368,0.0,12.36,27.49,0.0,683.98
50.0,86.29,39.6,40.33,0.4737,0.0,12.36,27.24,0.0,618.1
49.49,80.9,39.33,40.02,0.2105,0.0,0.0,39.33,0.0,0.0
48.48,76.92,37.33,38.94,0.2105,0.0,0.0,37.33,0.0,0.0
48.06,70.58,37.07,37.18,0.2105,12.36,0.0,49.43,0.0,-594.02
48.1,70.48,38.5,37.41,0.448,12.36,0.0,50.86,0.0,-594.52
51.0,75.56,39.09,38.12,0.6855,5.41,0.0,44.5,0.0,-276.03
55.9,80.1,39.91,38.55,0.7895,0.0,0.0,39.91,0.0,0.0
59.38,83.31,39.99,39.5,0.7895,0.0,0.0,39.99,0.0,0.0
62.03,87.25,40.57,41.04,0.7895,0.0,12.36,28.21,0.0,766.81
62.03,100.96,40.73,41.15,0.5263,0.0,12.36,28.37,0.0,766.52
57.03,92.95,37.89,40.36,0.2632,0.0,12.36,25.53,0.0,705.0
45.42,79.14,34.53,38.77,0.0,0.0,0.0,34.53,0.0,0.0
42.49,74.38,30.86,36.12,0.0,0.0,0.0,30.86,0.0,0.0
40.0,70.62,27.86,32.18,0.0,0.0,0.0,27.86,0.0,0.0
61.66,56.4,28.71,29.84,0.5,0.0,12.36,17.48,0.0,692.44
59.66,50.85,27.17,29.18,0.2368,0.0,8.78,20.4,0.0,403.64
57.12,46.37,26.13,25.75,0.05,0.0,0.0,25.75,0.0,21.71
57.97,43.56,25.85,26.14,0.05,12.36,0.0,38.5,0.0,-733.32
58.0,42.07,26.15,25.93,0.2875,12.36,0.0,38.29,0.0,-704.12
59.14,42.58,27.61,27.04,0.525,12.36,0.0,39.4,0.0,-697.26
66.85,45.55,32.61,29.2,0.7625,12.36,0.0,41.56,0.0,-598.31
71.28,50.24,39.03,33.53,1.0,0.0,0.0,33.53,0.0,392.04
79.09,55.53,44.05,37.91,1.0,0.0,-0.0,37.91,0.0,485.61
77.25,59.85,44.89,42.99,1.0,0.0,-0.0,42.99,0.0,146.78
74.66,61.73,44.4,44.89,1.0,0.0,12.36,32.53,0.0,886.21
73.62,61.28,43.66,43.59,0.7368,0.0,9.89,33.7,0.0,733.11
69.89,59.86,41.29,42.61,0.5263,0.0,0.0,42.61,0.0,-92.25
68.41,58.5,40.51,41.8,0.5263,0.0,0.0,41.8,0.0,-88.25
69.15,57.48,41.7,40.07,0.5263,0.0,0.0,40.07,0.0,112.71
74.81,57.0,42.43,41.19,0.5263,0.0,0.0,41.19,0.0,92.76
79.22,57.92,43.69,42.6,0.5263,0.0,0.0,42.6,0.0,86.35
83.1,60.3,46.04,43.85,0.5263,0.0,0.0,43.85,0.0,181.99
82.74,62.65,45.9,45.5,0.5263,0.0,12.36,33.14,0.0,1055.76
82.19,62.82,44.71,45.43,0.2632,0.0,12.36,33.07,0.0,956.69
76.29,59.81,41.68,44.56,0.0,0.0,-0.0,44.56,0.0,-219.72
73.11,55.29,38.14,42.69,0.0,0.0,-0.0,42.69,0.0,-332.65
71.44,51.2,34.44,39.35,0.0,0.0,-0.0,39.35,0.0,-350.77
64.47,48.11,31.05,35.15,0.0,0.0,-0.0,35.15,0.0,-264.33
30.0,43.35,24.31,31.85,0.5,12.32,0.0,36.63,0.0,-369.71
24.31,39.85,22.97,27.13,0.7368,12.32,0.0,35.29,0.0,-299.59
21.06,36.19,22.32,25.07,0.9736,1.37,0.0,23.69,0.0,-28.93
18.72,33.43,22.16,23.29,1.0,0.0,0.0,22.16,0.0,0.0
20.0,31.76,22.45,23.03,1.0,0.0,11.12,11.33,0.0,222.44
30.0,31.02,24.66,23.17,0.7632,0.0,11.12,13.54,0.0,333.66
52.11,31.94,30.51,23.45,0.5264,0.0,11.12,19.39,0.0,579.57
59.95,34.29,36.38,23.75,0.2896,0.0,11.12,25.26,0.0,666.77
66.59,36.74,41.25,24.72,0.0528,0.0,2.48,38.77,0.0,165.14
64.9,38.47,42.35,25.98,0.0,0.0,0.0,42.35,0.0,0.0
59.74,39.33,41.89,27.18,0.0,0.0,0.0,41.89,0.0,0.0
55.86,39.48,41.34,28.32,0.0,0.0,0.0,41.34,0.0,0.0
49.94,39.21,39.05,28.03,0.0,0.0,0.0,39.05,0.0,0.0
50.58,38.76,38.75,26.62,0.0,0.0,0.0,38.75,0.0,0.0
55.2,38.57,40.04,26.1,0.0,0.0,0.0,40.04,0.0,0.0
60.23,38.84,40.73,25.69,0.0,0.0,0.0,40.73,0.0,0.0
64.51,40.06,41.85,25.83,0.0,0.0,0.0,41.85,0.0,0.0
70.88,43.2,42.77,26.66,0.0,0.0,0.0,42.77,0.0,0.0
73.97,47.4,44.36,28.63,0.0,0.0,0.0,44.36,0.0,0.0
67.86,50.48,43.14,31.56,0.0,0.0,0.0,43.14,0.0,0.0
63.16,51.7,40.72,33.64,0.0,0.0,0.0,40.72,0.0,0.0
59.4,51.09,37.53,33.81,0.0,0.0,0.0,37.53,0.0,0.0
51.64,48.79,33.7,32.66,0.0,0.0,0.0,33.7,0.0,0.0
49.47,45.9,30.43,30.29,0.0,0.0,0.0,30.43,0.0,0.0
35.04,43.07,23.52,27.27,0.5,0.0,0.0,23.52,0.0,0.0
30.1,41.57,22.26,25.62,0.5,0.0,0.0,22.26,0.0,0.0
25.0,40.76,21.71,24.7,0.5,0.0,0.0,21.71,0.0,0.0
23.2,40.38,21.59,24.84,0.5,0.0,0.0,21.59,0.0,0.0
24.02,39.44,21.86,24.54,0.5,1.3,0.0,23.16,0.0,-31.25
35.04,39.14,23.71,24.49,0.525,12.36,0.0,36.07,0.0,-433.09
51.14,39.38,28.88,25.38,0.7625,12.36,0.0,41.24,0.0,-632.09
56.0,40.73,34.31,27.97,1.0,0.0,0.0,34.31,0.0,0.0
60.09,44.81,39.33,34.89,1.0,0.0,0.0,39.33,0.0,0.0
56.89,52.68,40.04,39.52,1.0,0.0,0.0,40.04,0.0,0.0
54.56,66.64,39.51,40.78,1.0,0.0,0.0,39.51,0.0,0.0
52.17,76.72,39.03,40.71,1.0,0.0,12.36,26.67,0.0,644.92
46.82,80.07,36.74,38.44,0.7368,0.0,12.36,24.38,0.0,578.57
46.26,79.73,36.63,37.17,0.4737,0.0,12.36,24.27,0.0,571.87
50.19,71.57,38.21,37.73,0.2105,0.0,9.89,28.32,0.0,496.22
52.66,61.13,38.94,37.33,0.0,0.0,0.0,38.94,0.0,0.0
55.32,55.11,39.59,30.32,0.0,2.67,0.0,42.26,0.0,-147.69
57.04,52.3,39.66,27.98,0.0513,12.36,0.0,52.02,0.0,-705.01
61.61,54.39,41.33,29.33,0.2888,12.36,0.0,53.69,0.0,-761.5
62.92,64.17,41.56,31.8,0.5263,0.0,12.36,29.2,0.0,777.52
58.84,73.14,39.5,32.33,0.2632,0.0,12.36,27.14,0.0,727.38
56.3,60.63,36.51,31.13,0.0,0.0,0.0,36.51,0.0,0.0
51.92,55.31,32.72,29.25,0.0,0.0,0.0,32.72,0.0,0.0
43.43,49.92,29.3,26.54,0.0,0.0,0.0,29.3,0.0,0.0
50.32,43.96,27.46,25.91,0.5,12.36,0.0,38.27,0.0,-543.96
48.97,54.37,25.86,25.8,0.7375,0.0,12.36,13.44,0.0,608.21
46.94,51.12,25.07,24.9,0.4743,0.0,0.0,24.9,0.0,7.98
46.19,47.09,24.89,24.92,0.4743,2.64,0.0,27.56,0.0,-123.16
48.14,45.28,25.13,24.84,0.525,12.36,0.0,37.2,0.0,-581.05
53.55,46.46,26.32,25.16,0.7625,12.36,0.0,37.52,0.0,-599.76
59.04,55.65,30.67,26.63,1.0,0.0,-0.0,26.63,0.0,238.52
71.5,71.29,36.04,30.43,1.0,-0.0,0.0,30.43,0.0,401.12
75.08,90.13,40.67,37.54,1.0,0.0,0.0,37.54,0.0,235.0
74.32,94.54,41.27,42.04,1.0,0.0,12.36,29.68,0.0,861.37
69.99,88.31,40.88,42.06,0.7368,0.0,0.0,42.06,0.0,-82.59
67.84,86.91,40.47,42.07,0.7368,0.0,0.0,42.07,0.0,-108.54
58.56,86.04,38.11,40.87,0.7368,0.0,0.0,40.87,0.0,-161.63
57.4,85.32,37.54,39.82,0.7368,2.74,0.0,42.56,0.0,-288.09
65.14,90.8,38.65,39.45,0.7895,0.0,0.0,39.45,0.0,-52.11
67.82,97.68,38.96,39.59,0.7895,0.0,12.36,27.23,0.0,795.53
69.25,98.75,39.24,39.54,0.5263,0.0,12.36,27.18,0.0,835.16
59.07,92.85,38.73,39.26,0.2632,0.0,0.0,39.26,0.0,-31.31
60.0,88.94,38.61,39.07,0.2632,0.0,0.0,39.07,0.0,-27.6
70.32,93.68,38.84,39.91,0.2632,0.0,0.0,39.91,0.0,-75.24
73.63,106.57,39.71,41.94,0.2632,0.0,12.36,29.58,0.0,745.87
65.07,90.47,37.22,42.51,-0.0,0.0,0.0,42.51,0.0,-344.22
55.86,78.86,33.34,40.57,0.0,0.0,-0.0,40.57,0.0,-403.87
53.53,71.36,29.55,37.43,0.0,0.0,-0.0,37.43,0.0,-421.82
61.74,67.48,26.74,33.72,0.5,0.0,12.36,14.38,0.0,763.23
57.17,63.67,25.17,31.05,0.2368,0.0,0.0,25.17,0.0,0.0
55.08,63.0,24.13,29.07,0.2368,0.0,0.0,24.13,0.0,0.0
54.99,60.9,23.75,27.64,0.2368,0.0,0.0,23.75,0.0,0.0
55.02,55.12,23.52,26.7,0.2368,12.36,0.0,35.88,0.0,-680.05
55.46,45.88,23.48,26.12,0.4743,12.36,0.0,35.84,0.0,-685.49
55.52,49.49,24.75,26.19,0.7118,12.36,0.0,37.11,0.0,-686.23
60.35,60.21,27.8,27.89,0.9493,0.0,0.0,27.8,0.0,0.0
60.74,71.97,30.16,32.84,0.9493,0.0,12.36,17.8,0.0,750.58
57.01,76.44,30.86,36.76,0.6862,0.0,12.36,18.5,0.0,704.76
53.25,73.21,30.61,38.55,0.423,0.0,12.36,18.25,0.0,658.03
51.0,66.64,29.67,37.72,0.1599,0.0,7.51,22.16,0.0,383.02
46.07,61.04,27.99,36.55,0.0,0.0,0.0,27.99,0.0,0.0
41.3,56.84,26.66,35.18,0.0,12.36,0.0,39.02,0.0,-510.47
40.0,56.78,26.32,35.16,0.2375,12.36,0.0,38.68,0.0,-494.4
43.7,57.75,26.23,35.36,0.475,12.36,0.0,38.59,0.0,-540.13
46.26,60.04,26.75,35.95,0.7125,4.01,0.0,30.76,0.0,-185.38
47.78,62.18,27.58,36.2,0.7895,0.0,0.0,27.58,0.0,0.0
52.52,63.07,28.75,36.32,0.7895,0.0,0.0,28.75,0.0,0.0
59.59,64.88,30.47,35.97,0.7895,0.0,0.0,30.47,0.0,0.0
63.53,72.79,31.3,35.09,0.7895,0.0,12.36,18.94,0.0,785.36
58.63,79.05,30.68,35.71,0.5263,0.0,12.36,18.32,0.0,724.51
54.12,72.75,28.21,34.92,0.2632,0.0,12.36,15.85,0.0,669.03
49.55,63.78,25.33,33.76,0.0,0.0,0.0,25.33,0.0,0.0
44.29,58.39,29.88,30.87,0.5,0.0,0.0,29.88,0.0,0.0
41.9,56.52,28.46,27.99,0.5,0.0,0.0,28.46,0.0,0.0
40.97,58.14,27.36,26.18,0.5,0.0,0.0,27.36,0.0,0.0
38.95,54.79,26.96,25.03,0.5,0.0,0.0,26.96,0.0,0.0
38.85,53.38,26.89,24.52,0.5,12.36,0.0,39.25,0.0,-480.19
37.56,52.63,27.5,24.8,0.7375,12.36,0.0,39.86,0.0,-464.24
46.3,53.68,30.82,25.53,0.975,1.3,0.0,32.12,0.0,-60.24
49.35,58.37,36.23,28.12,1.0,0.0,0.0,36.23,0.0,0.0
58.79,63.34,41.13,33.47,1.0,0.0,0.0,41.13,0.0,0.0
56.05,67.37,42.33,39.97,1.0,0.0,9.95,32.38,0.0,557.58
51.96,68.6,42.53,42.47,0.7882,0.0,12.36,30.17,0.0,642.33
53.02,66.31,42.59,42.79,0.525,0.0,0.0,42.59,0.0,0.0
47.38,63.14,40.51,42.4,0.525,0.0,0.0,40.51,0.0,0.0
45.72,60.03,40.52,41.62,0.525,12.36,0.0,52.88,0.0,-565.1
46.36,59.69,41.66,41.34,0.7625,12.36,0.0,54.02,0.0,-573.01
50.95,62.35,42.0,41.28,1.0,0.0,0.0,42.0,0.0,0.0
51.1,66.18,42.16,41.34,1.0,0.0,0.0,42.16,0.0,0.0
54.02,69.55,41.59,41.46,1.0,0.0,0.0,41.59,0.0,0.0
58.01,71.55,40.83,41.32,1.0,0.0,0.0,40.83,0.0,0.0
57.68,74.26,39.97,40.62,1.0,0.0,9.89,30.08,0.0,570.27
58.45,80.29,39.38,40.23,0.7895,0.0,12.36,27.02,0.0,722.56
55.93,82.24,38.53,40.34,0.5263,0.0,12.36,26.17,0.0,691.14
51.6,81.37,35.54,39.69,0.2632,0.0,12.36,23.18,0.0,637.88
43.91,73.83,32.27,37.31,0.0,0.0,0.0,32.27,0.0,0.0
44.0,64.35,32.55,34.23,0.5,0.0,0.0,34.23,0.0,-73.92
43.7,68.11,30.81,32.32,0.5,0.0,12.36,19.96,0.0,474.14
42.21,64.79,29.7,30.93,0.2368,0.0,0.0,30.93,0.0,-51.92
42.92,61.29,29.25,29.78,0.2368,0.0,0.0,29.78,0.0,-22.75
42.0,59.32,29.15,28.99,0.2368,12.36,0.0,41.35,0.0,-512.4
42.0,57.62,29.8,29.03,0.4743,12.36,0.0,41.39,0.0,-486.78
44.9,56.97,32.79,29.39,0.7118,12.36,0.0,41.75,0.0,-402.3
51.2,60.08,37.58,32.58,0.9493,2.64,0.0,35.22,0.0,121.02
55.27,64.78,42.51,37.97,1.0,0.0,0.0,37.97,0.0,250.93
56.39,68.68,44.06,42.01,1.0,0.0,0.0,42.01,0.0,115.6
54.24,68.93,44.45,43.77,1.0,0.0,-0.0,43.77,0.0,36.88
53.99,66.97,44.55,43.89,1.0,0.0,0.0,43.89,0.0,35.63
51.42,65.2,42.96,43.1,1.0,0.0,0.0,43.1,0.0,-7.2
50.0,63.41,42.97,41.6,1.0,0.0,0.0,41.6,0.0,68.5
56.1,64.36,43.99,41.34,1.0,0.0,0.0,41.34,0.0,148.66
56.0,67.03,44.4,41.23,1.0,0.0,0.0,41.23,0.0,177.52
57.78,70.08,44.54,41.37,1.0,0.0,-0.0,41.37,0.0,183.16
61.43,72.32,44.0,41.65,1.0,0.0,-0.0,41.65,0.0,144.36
62.28,73.5,43.19,41.46,1.0,0.0,0.0,41.46,0.0,107.74
63.59,74.92,42.03,40.68,1.0,0.0,9.89,30.79,0.0,714.62
63.93,77.86,41.05,40.24,0.7895,0.0,12.36,27.88,0.0,841.96
63.76,78.77,40.35,40.43,0.5263,0.0,12.36,28.07,0.0,782.97
60.85,79.08,37.63,39.82,0.2632,0.0,12.36,27.46,0.0,618.84
52.45,73.27,34.67,37.43,-0.0,0.0,0.0,37.43,0.0,-144.76
60.52,67.06,27.91,34.3,0.5,0.0,0.0,27.91,0.0,0.0
58.88,70.06,26.28,32.44,0.5,0.0,12.36,13.92,0.0,727.87
55.86,66.47,25.01,31.28,0.2368,0.0,0.0,25.01,0.0,0.0
54.39,63.42,24.21,30.59,0.2368,0.0,0.0,24.21,0.0,0.0
52.68,61.95,23.71,30.16,0.2368,0.0,0.0,23.71,0.0,0.0
55.26,60.81,23.7,30.05,0.2368,3.98,0.0,27.68,0.0,-219.71
48.37,59.97,23.09,30.14,0.3132,12.36,0.0,35.45,0.0,-597.85
46.72,60.17,23.48,31.29,0.5507,12.36,0.0,35.84,0.0,-577.46
45.38,63.01,24.94,35.09,0.7882,0.0,0.0,24.94,0.0,0.0
43.26,66.15,26.33,38.34,0.7882,0.0,0.0,26.33,0.0,0.0
47.06,68.28,27.32,40.33,0.7882,0.0,12.36,14.96,0.0,581.75
47.06,66.82,28.04,40.55,0.525,0.0,0.0,28.04,0.0,0.0
47.08,64.85,28.62,39.5,0.525,0.0,0.0,28.62,0.0,0.0
45.0,61.88,28.33,37.79,0.525,0.0,0.0,28.33,0.0,0.0
45.0,59.57,28.04,35.15,0.525,12.36,0.0,40.4,0.0,-556.2
45.0,59.95,28.0,30.89,0.7625,12.36,0.0,40.36,0.0,-556.2
50.67,61.13,28.34,30.7,1.0,0.0,0.0,28.34,0.0,0.0
57.34,62.14,29.39,30.95,1.0,0.0,0.0,29.39,0.0,0.0
60.43,63.16,30.8,31.32,1.0,0.0,0.0,30.8,0.0,0.0
63.0,65.73,32.29,31.7,1.0,0.0,0.0,32.29,0.0,0.0
68.27,71.38,33.77,32.43,1.0,0.0,12.36,21.41,0.0,843.95
68.12,75.81,33.57,33.28,0.7368,0.0,12.36,21.21,0.0,841.78
65.67,74.86,31.44,32.51,0.4737,0.0,12.36,19.08,0.0,811.81
60.84,70.23,29.18,31.21,0.2105,0.0,9.89,19.29,0.0,601.51
44.33,70.01,28.5,29.64,0.5,12.36,0.0,40.86,0.0,-547.92
42.99,78.49,27.02,29.17,0.7375,0.0,0.0,27.02,0.0,0.0
41.82,76.94,26.08,28.44,0.7375,0.0,0.0,26.08,0.0,0.0
41.64,74.82,25.71,26.92,0.7375,0.0,0.0,25.71,0.0,0.0
41.82,73.29,25.81,26.76,0.7375,1.3,0.0,27.11,0.0,-54.41
41.99,72.89,27.16,27.2,0.7625,12.36,0.0,39.52,0.0,-519.0
47.5,73.38,31.22,28.58,1.0,0.0,0.0,31.22,0.0,0.0
53.17,76.41,35.46,33.52,1.0,0.0,0.0,35.46,0.0,0.0
55.25,80.69,39.82,39.13,1.0,0.0,0.0,39.82,0.0,0.0
52.36,82.75,40.7,40.97,1.0,0.0,12.36,28.34,0.0,647.27
47.59,81.8,40.62,41.3,0.7368,0.0,9.89,30.73,0.0,470.51
45.0,80.39,40.41,40.54,0.5263,0.0,0.0,40.41,0.0,0.0
42.46,77.83,38.61,39.37,0.5263,0.0,0.0,38.61,0.0,0.0
42.39,75.67,38.55,38.69,0.5263,0.0,0.0,38.55,0.0,0.0
44.5,75.37,39.56,38.57,0.5263,0.0,0.0,39.56,0.0,0.0
48.0,76.35,40.12,38.6,0.5263,0.0,0.0,40.12,0.0,0.0
53.61,77.56,40.47,38.72,0.5263,0.0,0.0,40.47,0.0,0.0
53.93,79.16,40.06,39.12,0.5263,0.0,0.0,40.06,0.0,0.0
56.21,79.97,39.74,39.71,0.5263,0.0,0.0,39.74,0.0,0.0
58.6,81.22,40.73,39.73,0.5263,0.0,0.0,40.73,0.0,0.0
59.26,96.69,40.41,36.19,0.5263,0.0,12.36,28.05,0.0,732.29
53.16,95.32,37.47,35.21,0.2632,0.0,12.36,25.11,0.0,657.16
48.13,81.29,33.82,32.96,0.0,0.0,0.0,33.82,0.0,0.0
45.21,78.5,30.82,30.85,0.0,0.0,0.0,30.82,0.0,0.0
47.75,75.41,27.32,30.67,0.5,0.0,4.7,22.62,0.0,224.27
45.0,67.12,25.89,27.48,0.4,0.0,4.7,21.19,0.0,211.36
44.62,58.37,25.3,25.37,0.3,0.0,4.7,20.6,0.0,209.57
44.62,55.18,24.93,23.8,0.2,0.0,4.7,20.23,0.0,209.57
44.78,52.63,25.21,23.28,0.1,0.0,4.7,20.51,0.0,210.32
48.33,50.81,26.4,23.85,0.0,0.0,0.0,26.4,0.0,0.0
68.64,51.88,30.93,24.49,0.0,0.0,0.0,30.93,0.0,0.0
70.62,56.25,35.95,26.72,0.0,0.0,0.0,35.95,0.0,0.0
71.53,60.2,39.39,33.08,0.0,0.0,0.0,39.39,0.0,0.0
66.72,62.78,39.75,36.79,0.0,0.0,0.0,39.75,0.0,0.0
65.4,63.52,39.09,34.85,0.0,0.0,0.0,39.09,0.0,0.0
60.4,62.6,38.61,33.03,0.0,0.0,0.0,38.61,0.0,0.0
47.61,60.22,36.45,31.68,0.0,0.0,0.0,36.45,0.0,0.0
44.87,56.59,36.01,30.93,0.0,0.0,0.0,36.01,0.0,0.0
54.9,52.59,37.0,31.61,0.0,0.0,0.0,37.0,0.0,0.0
64.02,49.0,37.21,32.1,0.0,0.0,0.0,37.21,0.0,0.0
70.66,48.41,37.65,31.02,0.0,0.0,0.0,37.65,0.0,0.0
70.63,52.37,37.67,28.95,0.0,0.0,0.0,37.67,0.0,0.0
72.84,59.65,39.14,28.68,0.0,0.0,0.0,39.14,0.0,0.0
78.09,68.23,40.43,30.85,0.0,0.0,0.0,40.43,0.0,0.0
74.06,78.78,38.4,32.88,0.0,0.0,0.0,38.4,0.0,0.0
69.13,76.92,35.28,32.35,0.0,0.0,0.0,35.28,0.0,0.0
51.11,71.01,32.07,30.86,0.0,0.0,0.0,32.07,0.0,0.0
47.57,66.67,29.12,28.95,0.0,0.0,0.0,29.12,0.0,0.0
41.83,62.99,23.25,26.4,0.5,0.0,12.36,10.89,0.0,517.1
38.59,59.7,21.94,28.89,0.2368,0.0,0.0,21.94,0.0,0.0
36.2,54.87,21.33,26.53,0.2368,2.64,0.0,23.97,0.0,-95.51
34.75,51.99,21.16,26.23,0.2875,12.36,0.0,33.52,0.0,-429.51
34.8,49.62,21.54,25.39,0.525,12.36,0.0,33.9,0.0,-430.13
36.58,49.87,23.43,26.31,0.7625,12.36,0.0,35.79,0.0,-452.13
44.99,56.5,29.01,27.67,1.0,0.0,0.0,29.01,0.0,0.0
47.76,66.12,34.55,32.11,1.0,0.0,0.0,34.55,0.0,0.0
51.09,75.54,38.95,37.09,1.0,0.0,0.0,38.95,0.0,0.0
51.09,83.04,39.66,41.53,1.0,0.0,0.0,39.66,0.0,0.0
50.71,85.08,39.66,41.44,1.0,0.0,0.0,39.66,0.0,0.0
49.0,84.63,39.53,40.82,1.0,0.0,0.0,39.53,0.0,0.0
47.69,82.57,37.49,40.03,1.0,0.0,0.0,37.49,0.0,0.0
47.6,79.53,37.57,39.09,1.0,0.0,0.0,37.57,0.0,0.0
50.02,80.33,38.87,39.28,1.0,0.0,0.0,38.87,0.0,0.0
51.09,83.93,39.96,40.22,1.0,0.0,0.0,39.96,0.0,0.0
53.78,87.74,41.42,41.54,1.0,0.0,9.89,31.53,0.0,531.71
58.7,92.62,43.04,43.0,0.7895,0.0,12.36,30.68,0.0,725.65
58.38,95.74,42.17,43.93,0.5263,0.0,12.36,29.81,0.0,721.42
56.35,91.79,41.05,43.13,0.2632,0.0,12.36,28.69,0.0,696.6
51.47,83.85,38.7,41.82,0.0,0.0,0.0,38.7,0.0,0.0
46.7,75.58,35.75,39.25,0.0,0.0,0.0,35.75,0.0,0.0
45.16,69.78,32.28,36.37,0.0,0.0,0.0,32.28,0.0,0.0
44.31,69.46,29.05,33.06,0.0,0.0,0.0,29.05,0.0,0.0
41.78,66.16,28.6,29.6,0.5,0.0,12.36,17.24,0.0,474.62
36.45,53.66,26.93,28.39,0.2368,2.64,0.0,31.03,0.0,-149.31
34.09,49.94,26.18,27.27,0.2875,12.36,0.0,39.63,0.0,-458.51
32.85,49.45,25.91,26.62,0.525,12.36,0.0,38.98,0.0,-429.35
32.87,51.78,26.38,26.7,0.7625,12.36,0.0,39.06,0.0,-416.79
40.95,57.3,28.09,26.89,1.0,0.0,0.0,26.89,0.0,49.14
48.03,65.9,33.4,28.27,1.0,-0.0,0.0,28.27,0.0,246.39
56.23,75.05,39.61,33.4,1.0,-0.0,0.0,33.4,0.0,349.19
60.0,85.9,43.2,39.43,1.0,0.0,12.36,27.07,0.0,967.8
56.13,92.87,43.96,42.82,0.7368,0.0,12.36,30.46,0.0,757.75
53.6,90.07,43.36,42.94,0.4737,0.0,12.36,30.58,0.0,685.01
52.93,85.12,42.68,42.4,0.2105,0.0,9.89,32.51,0.0,538.19
49.8,78.3,40.71,41.98,0.0,0.0,0.0,41.98,0.0,-63.25
51.65,72.97,40.53,41.17,-0.0,12.36,0.0,53.53,0.0,-671.45
53.56,71.45,41.96,40.12,0.2375,12.36,0.0,52.48,0.0,-563.45
56.66,74.1,43.04,40.99,0.475,2.67,0.0,43.66,0.0,-35.16
62.28,77.2,44.79,42.44,0.5263,0.0,0.0,42.44,0.0,146.36
70.72,81.4,46.4,44.04,0.5263,0.0,0.0,44.04,0.0,166.9
64.69,87.29,45.45,46.02,0.5263,0.0,12.36,33.66,0.0,762.7
62.64,85.06,44.12,44.85,0.2632,0.0,12.36,32.49,0.0,728.5
59.73,79.53,41.71,43.01,0.0,0.0,-0.0,43.01,0.0,-77.65
54.91,75.23,38.81,40.09,0.0,0.0,-0.0,40.09,0.0,-70.28
48.5,71.97,35.24,36.75,0.0,0.0,-0.0,36.75,0.0,-73.23
46.22,70.13,31.85,32.76,0.0,0.0,-0.0,32.76,0.0,-42.06
42.92,67.08,27.64,27.53,0.5,0.0,12.36,15.28,0.0,530.58
39.25,61.22,26.03,27.48,0.2368,0.0,8.77,17.26,0.0,344.36
37.95,57.08,25.26,26.88,0.05,0.0,0.0,25.26,0.0,0.0
36.32,53.69,24.95,25.85,0.05,12.36,0.0,37.31,0.0,-448.92
36.82,50.46,25.3,25.43,0.2875,12.36,0.0,37.66,0.0,-455.1
40.0,48.23,26.94,25.9,0.525,12.36,0.0,39.3,0.0,-494.4
49.54,53.21,31.75,27.49,0.7625,12.36,0.0,44.11,0.0,-612.31
60.0,63.94,37.13,31.51,1.0,0.0,0.0,37.13,0.0,0.0
67.2,72.14,41.19,36.16,1.0,0.0,0.0,41.19,0.0,0.0
64.9,79.29,41.96,41.3,1.0,0.0,0.0,41.96,0.0,0.0
62.48,80.28,41.64,42.1,1.0,0.0,0.0,41.64,0.0,0.0
58.83,78.88,41.23,41.67,1.0,0.0,0.0,41.23,0.0,0.0
50.83,76.32,39.09,41.03,1.0,0.0,0.0,39.09,0.0,0.0
54.01,72.6,38.91,38.89,1.0,0.0,0.0,38.91,0.0,0.0
55.62,72.59,40.03,38.71,1.0,0.0,0.0,40.03,0.0,0.0
58.29,75.55,41.1,40.57,1.0,0.0,0.0,41.1,0.0,0.0
63.51,80.9,42.59,41.38,1.0,0.0,0.0,42.59,0.0,0.0
75.32,88.43,44.56,42.25,1.0,0.0,12.36,32.2,0.0,931.1
80.15,98.14,43.89,44.35,0.7368,0.0,12.36,31.53,0.0,990.44
72.3,95.38,42.77,44.18,0.4737,0.0,12.36,30.41,0.0,893.77
58.73,84.36,40.12,42.59,0.2105,0.0,9.89,30.23,0.0,580.65
52.85,77.94,36.9,39.99,0.0,0.0,0.0,36.9,0.0,0.0
49.57,72.29,33.08,36.82,0.0,0.0,0.0,33.08,0.0,0.0
45.54,69.94,29.85,32.88,0.0,0.0,0.0,29.85,0.0,0.0
43.83,69.97,27.76,29.85,0.5,0.0,0.0,27.76,0.0,0.0
42.2,66.04,26.3,25.89,0.5,0.0,0.0,26.3,0.0,0.0
40.36,64.92,25.46,23.82,0.5,0.0,0.0,25.46,0.0,0.0
41.18,62.74,25.23,22.4,0.5,12.36,0.0,37.59,0.0,-508.98
41.22,62.59,25.53,22.33,0.7375,12.36,0.0,37.89,0.0,-509.48
44.55,63.3,27.11,23.01,0.975,1.3,0.0,28.41,0.0,-57.96
51.75,69.75,31.91,24.15,1.0,0.0,0.0,31.91,0.0,0.0
58.26,84.41,37.21,28.77,1.0,0.0,0.0,37.21,0.0,0.0
60.5,98.25,41.03,35.18,1.0,0.0,12.36,28.67,0.0,747.9
60.51,97.66,41.76,40.28,0.7368,0.0,12.36,29.4,0.0,747.74
56.8,90.24,41.62,40.75,0.4737,0.0,12.36,29.26,0.0,702.16
56.05,86.02,41.04,40.25,0.2105,0.0,0.0,41.04,0.0,0.0
53.58,81.5,39.1,39.94,0.2105,0.0,0.0,39.1,0.0,0.0
54.26,77.85,38.96,38.72,0.2105,12.36,0.0,51.32,0.0,-670.65
55.41,77.28,40.56,38.84,0.448,12.36,0.0,52.92,0.0,-684.87
58.0,79.11,41.59,39.77,0.6855,12.36,0.0,53.95,0.0,-716.88
63.47,82.98,43.07,40.61,0.923,0.0,0.0,43.07,0.0,0.0
71.0,87.84,44.92,42.05,0.923,0.0,6.27,38.65,0.0,445.19
78.89,96.26,44.16,43.87,0.7895,0.0,12.36,31.8,0.0,975.24
72.36,108.1,43.03,43.39,0.5263,0.0,12.36,30.67,0.0,894.17
60.72,92.55,40.37,42.3,0.2632,0.0,12.36,28.01,0.0,750.62
56.47,80.34,37.06,39.65,0.0,0.0,0.0,37.06,0.0,0.0
51.69,75.46,33.26,36.61,0.0,0.0,0.0,33.26,0.0,0.0
48.53,74.94,30.02,33.19,0.0,0.0,0.0,30.02,0.0,0.0
46.2,71.08,27.74,29.9,0.5,0.0,12.36,17.54,0.0,471.24
44.5,60.41,26.14,27.74,0.2368,0.0,8.78,18.96,0.0,319.31
42.03,54.95,25.38,26.72,0.05,0.0,0.0,26.72,0.0,-56.32
37.98,51.69,25.13,25.46,0.05,12.36,0.0,37.82,0.0,-481.97
37.57,49.53,25.38,25.22,0.2875,12.36,0.0,37.58,0.0,-458.35
40.07,50.29,26.86,25.73,0.525,12.36,0.0,38.09,0.0,-449.99
50.83,54.5,31.87,27.56,0.7625,12.36,0.0,39.92,0.0,-409.18
60.0,64.66,37.16,31.39,1.0,-0.0,0.0,31.39,0.0,346.2
68.98,72.79,41.24,35.63,1.0,0.0,0.0,35.63,0.0,386.98
69.55,76.74,42.38,39.93,1.0,0.0,-0.0,39.93,0.0,170.4
64.8,75.78,42.21,40.94,1.0,0.0,0.0,40.94,0.0,82.3
62.33,72.51,41.85,40.69,1.0,0.0,0.0,40.69,0.0,72.3
62.21,70.91,39.73,40.4,1.0,0.0,0.0,40.4,0.0,-41.68
58.35,71.16,39.44,38.11,1.0,0.0,0.0,38.11,0.0,77.61
57.52,71.53,40.57,37.55,1.0,0.0,0.0,37.55,0.0,173.71
54.07,73.1,41.19,38.67,1.0,0.0,0.0,38.67,0.0,136.26
58.65,75.85,42.5,40.27,1.0,0.0,0.0,40.27,0.0,130.79
65.74,79.89,44.25,41.74,1.0,0.0,12.36,29.38,0.0,977.55
70.73,82.89,43.44,43.39,0.7368,0.0,12.36,31.03,0.0,877.76
62.45,80.95,42.24,43.11,0.4737,0.0,12.36,30.75,0.0,717.55
58.0,77.38,39.42,42.14,0.2105,0.0,9.89,32.25,0.0,415.74
51.84,73.66,36.09,39.85,0.0,0.0,-0.0,39.85,0.0,-194.92
50.33,69.61,32.58,36.92,0.0,0.0,-0.0,36.92,0.0,-218.43
47.57,66.45,29.57,33.86,0.0,0.0,-0.0,33.86,0.0,-204.08
45.67,70.98,27.22,30.22,0.5,0.0,12.36,14.86,0.0,564.57
43.49,66.4,25.58,26.7,0.2368,0.0,11.12,14.46,0.0,483.7
40.08,63.29,24.62,24.73,0.0,0.0,0.0,24.62,0.0,0.0
37.19,59.16,24.18,23.63,0.0,0.0,0.0,24.18,0.0,0.0
37.32,56.38,24.17,23.3,0.0,12.36,0.0,36.53,0.0,-461.28
39.64,54.29,24.81,23.17,0.2375,12.36,0.0,37.17,0.0,-489.95
44.04,54.17,27.14,23.78,0.475,12.36,0.0,39.5,0.0,-544.33
46.87,56.61,29.96,24.54,0.7125,12.36,0.0,42.32,0.0,-579.31
47.26,60.36,32.24,25.13,0.95,0.0,0.0,32.24,0.0,0.0
50.16,62.94,33.5,26.33,0.95,0.0,0.0,33.5,0.0,0.0
50.9,63.83,33.39,27.12,0.95,0.0,0.0,33.39,0.0,0.0
50.16,64.06,32.89,27.92,0.95,0.0,0.0,32.89,0.0,0.0
49.27,64.78,31.54,28.78,0.95,0.0,0.0,31.54,0.0,0.0
47.65,64.86,30.41,28.37,0.95,0.0,0.0,30.41,0.0,0.0
44.14,60.63,30.35,27.58,0.95,0.0,0.0,30.35,0.0,0.0
44.64,59.04,30.72,27.45,0.95,2.6,0.0,33.32,0.0,-116.16
47.12,59.16,32.14,27.52,1.0,0.0,0.0,32.14,0.0,0.0
52.55,62.23,35.19,29.16,1.0,0.0,0.0,35.19,0.0,0.0
57.8,67.6,35.9,31.77,1.0,0.0,9.89,26.01,0.0,571.45
54.54,71.98,35.75,33.81,0.7895,0.0,12.36,23.39,0.0,674.22
51.79,72.77,33.68,34.28,0.5263,0.0,12.36,21.32,0.0,639.98
49.27,69.67,31.08,33.17,0.2632,0.0,12.36,18.72,0.0,609.07
48.87,65.79,28.71,31.52,0.0,0.0,0.0,28.71,0.0,0.0
47.88,62.89,26.27,29.23,0.0,0.0,0.0,26.27,0.0,0.0
41.73,70.45,24.35,30.35,0.5,0.0,12.36,17.99,0.0,265.4
40.0,66.4,22.7,26.91,0.2368,0.0,11.12,15.79,0.0,276.56
33.09,63.25,21.87,24.72,0.0,0.0,0.0,24.72,0.0,-94.31
32.23,59.3,21.32,23.72,-0.0,2.6,0.0,26.32,0.0,-161.22
32.25,56.73,21.1,23.39,0.05,12.36,0.0,35.75,0.0,-472.46
33.75,54.84,21.59,23.3,0.2875,12.36,0.0,35.66,0.0,-474.86
36.5,55.05,22.73,23.84,0.525,12.36,0.0,36.2,0.0,-491.66
37.4,57.45,23.77,24.52,0.7625,12.36,0.0,36.88,0.0,-490.31
38.56,60.62,25.49,25.19,1.0,0.0,0.0,25.19,0.0,11.57
41.19,62.56,27.03,26.28,1.0,0.0,0.0,26.28,0.0,30.89
43.12,63.24,27.72,27.18,1.0,0.0,0.0,27.18,0.0,23.28
43.81,63.85,28.14,28.08,1.0,0.0,0.0,28.08,0.0,2.63
44.08,64.2,28.0,28.5,1.0,0.0,0.0,28.5,0.0,-22.04
42.32,62.1,26.95,28.75,1.0,0.0,0.0,28.75,0.0,-76.18
41.0,60.42,26.63,27.66,1.0,0.0,0.0,27.66,0.0,-42.23
42.34,59.57,26.97,27.62,1.0,0.0,0.0,27.62,0.0,-27.52
43.74,60.12,28.43,27.91,1.0,0.0,0.0,27.91,0.0,22.74
50.16,63.16,31.51,29.15,1.0,0.0,0.0,29.15,0.0,118.38
52.75,68.16,32.48,31.57,1.0,0.0,9.89,21.68,0.0,569.59
56.65,71.67,32.8,33.64,0.7895,0.0,12.36,21.28,0.0,652.61
52.79,72.1,31.54,33.86,0.5263,0.0,12.36,21.5,0.0,530.01
48.47,69.27,29.7,32.95,0.2632,0.0,12.36,20.59,0.0,441.56
47.62,65.61,27.36,31.57,-0.0,0.0,0.0,31.57,0.0,-200.48
43.43,63.07,24.79,29.49,0.0,0.0,-0.0,29.49,0.0,-204.12
42.7,70.76,23.3,30.05,0.5,0.0,12.36,17.69,0.0,239.55
40.23,64.11,22.02,26.82,0.2368,0.0,8.78,18.04,0.0,159.94
39.69,61.22,21.38,24.7,0.05,0.0,0.0,24.7,0.0,-131.77
36.89,57.8,21.19,23.3,0.05,12.36,0.0,35.66,0.0,-533.8
35.68,55.53,21.71,23.55,0.2875,12.36,0.0,35.91,0.0,-506.66
39.0,54.05,23.72,24.46,0.525,12.36,0.0,36.82,0.0,-510.9
49.84,57.66,29.39,25.95,0.7625,12.36,0.0,38.31,0.0,-444.57
60.51,71.34,35.17,30.76,1.0,-0.0,0.0,30.76,0.0,266.85
64.93,88.11,39.59,36.51,1.0,0.0,-0.0,36.51,0.0,199.98
64.14,95.58,40.5,40.77,1.0,0.0,12.36,28.41,0.0,775.45
61.12,90.85,40.32,40.91,0.7368,0.0,12.36,28.55,0.0,719.38
57.48,86.63,40.2,40.42,0.4737,0.0,0.0,40.42,0.0,-12.65
56.57,83.24,38.48,40.19,0.4737,0.0,0.0,40.19,0.0,-96.73
56.95,79.05,38.61,39.09,0.4737,12.36,0.0,51.45,0.0,-731.24
59.06,78.8,39.98,39.32,0.7112,12.36,0.0,51.68,0.0,-691.0
60.0,81.47,40.82,40.16,0.9487,0.0,0.0,40.16,0.0,39.6
70.0,85.44,42.46,41.17,0.9487,0.0,0.0,41.17,0.0,90.3
75.16,91.21,44.2,42.7,0.9487,0.0,12.36,30.34,0.0,1041.72
85.0,104.5,43.21,44.15,0.6855,0.0,12.36,31.79,0.0,970.7
73.65,108.09,41.93,43.39,0.4224,0.0,12.36,31.03,0.0,802.78
67.5,89.69,39.43,42.36,0.1592,0.0,7.48,34.88,0.0,306.98
59.15,79.96,36.42,39.59,0.0,0.0,-0.0,39.59,0.0,-187.51
53.0,74.36,32.53,36.57,0.0,0.0,-0.0,36.57,0.0,-214.12
48.2,73.82,29.06,33.23,0.0,0.0,-0.0,33.23,0.0,-200.99
48.2,65.29,26.9,26.72,0.5,0.0,0.0,26.9,0.0,0.0
44.74,63.31,25.45,27.69,0.5,0.0,0.0,25.45,0.0,0.0
44.15,57.74,24.64,26.39,0.5,0.0,0.0,24.64,0.0,0.0
43.66,54.19,24.37,25.48,0.5,0.0,0.0,24.37,0.0,0.0
43.64,51.18,24.56,25.32,0.5,0.0,0.0,24.56,0.0,0.0
45.45,49.01,26.23,25.98,0.5,7.81,0.0,34.04,0.0,-354.8
56.12,53.14,31.27,27.71,0.65,7.81,0.0,39.08,0.0,-438.09
63.0,63.57,36.91,31.91,0.8,7.81,0.0,44.72,0.0,-491.8
71.98,71.49,41.19,36.24,0.95,2.6,0.0,43.79,0.0,-187.3
71.31,77.2,42.27,39.8,1.0,0.0,0.0,42.27,0.0,0.0
69.01,78.89,42.2,41.28,1.0,0.0,0.0,42.2,0.0,0.0
68.36,79.45,41.84,41.42,1.0,0.0,0.0,41.84,0.0,0.0
64.93,79.59,40.23,41.44,1.0,0.0,0.0,40.23,0.0,0.0
65.2,78.7,39.9,41.23,1.0,0.0,0.0,39.9,0.0,0.0
66.31,78.99,40.93,40.55,1.0,0.0,7.05,33.88,0.0,467.17
65.23,82.07,41.65,40.88,0.85,0.0,7.05,34.6,0.0,459.56
70.43,85.52,43.07,42.3,0.7,0.0,7.05,36.02,0.0,496.19
79.95,88.06,44.99,43.6,0.55,0.0,7.05,37.94,0.0,563.26
77.41,89.57,44.24,43.86,0.4,0.0,7.05,37.19,0.0,545.37
75.23,88.22,42.65,42.99,0.25,0.0,7.05,35.6,0.0,530.01
66.72,82.94,40.21,41.64,0.1,0.0,4.7,35.51,0.0,313.37
60.87,74.51,36.91,39.4,0.0,0.0,0.0,36.91,0.0,0.0
52.08,68.27,32.99,36.89,0.0,0.0,0.0,32.99,0.0,0.0
48.89,68.86,29.44,33.94,0.0,0.0,0.0,29.44,0.0,0.0
50.53,65.36,27.34,26.88,0.5,0.0,12.36,14.98,0.0,624.65
48.38,61.51,25.74,27.47,0.2368,0.0,0.0,25.74,0.0,0.0
45.71,57.38,25.03,26.34,0.2368,0.0,0.0,25.03,0.0,0.0
44.32,53.13,24.68,25.5,0.2368,12.36,0.0,37.04,0.0,-547.8
42.4,49.52,24.98,25.37,0.4743,12.36,0.0,37.34,0.0,-524.06
45.32,48.56,26.52,25.95,0.7118,12.36,0.0,38.88,0.0,-560.16
55.52,55.57,31.53,27.56,0.9493,2.64,0.0,34.17,0.0,-146.49
64.63,64.87,36.81,31.75,1.0,0.0,0.0,36.81,0.0,0.0
73.87,72.3,40.76,36.17,1.0,0.0,0.0,40.76,0.0,0.0
64.25,78.42,41.52,40.78,1.0,0.0,0.0,41.52,0.0,0.0
58.36,80.17,41.2,41.92,1.0,0.0,0.0,41.2,0.0,0.0
57.21,80.08,40.8,41.64,1.0,0.0,0.0,40.8,0.0,0.0
56.18,78.64,38.95,41.32,1.0,0.0,0.0,38.95,0.0,0.0
55.75,75.98,38.93,39.54,1.0,0.0,0.0,38.93,0.0,0.0
56.42,76.97,40.35,39.32,1.0,0.0,0.0,40.35,0.0,0.0
60.09,81.72,41.35,40.27,1.0,0.0,0.0,41.35,0.0,0.0
65.34,90.34,42.64,41.15,1.0,0.0,9.89,32.75,0.0,646.0
73.73,104.01,44.49,42.83,0.7895,0.0,12.36,32.13,0.0,911.45
73.16,119.04,43.77,44.49,0.5263,0.0,12.36,31.41,0.0,904.06
75.75,104.03,42.47,43.6,0.2632,0.0,12.36,30.11,0.0,936.42
64.05,89.32,40.08,42.56,0.0,0.0,0.0,40.08,0.0,0.0
56.42,80.81,37.01,39.94,0.0,0.0,0.0,37.01,0.0,0.0
53.8,74.23,33.24,36.95,0.0,0.0,0.0,33.24,0.0,0.0
48.79,72.96,29.67,33.64,0.0,0.0,0.0,29.67,0.0,0.0
47.88,69.21,27.46,29.83,0.5,0.0,12.36,17.47,0.0,478.32
44.14,60.56,25.8,27.83,0.2368,0.0,8.78,19.05,0.0,297.75
42.68,55.92,25.08,27.06,0.05,0.0,0.0,27.06,0.0,-84.51
41.5,52.13,24.78,25.78,0.05,12.36,0.0,38.14,0.0,-554.44
41.27,49.22,25.05,25.33,0.2875,12.36,0.0,37.69,0.0,-521.65
43.53,46.54,26.57,25.61,0.525,12.36,0.0,37.97,0.0,-496.24
51.17,51.91,31.53,26.34,0.7625,12.36,0.0,38.7,0.0,-366.89
60.61,65.49,37.08,30.53,1.0,-0.0,0.0,30.53,0.0,397.0
68.6,76.92,40.94,36.01,1.0,0.0,-0.0,36.01,0.0,338.2
62.82,82.4,41.76,40.83,1.0,0.0,0.0,40.83,0.0,58.42
59.65,81.13,41.33,41.46,1.0,0.0,0.0,41.46,0.0,-7.75
59.17,79.82,40.94,41.01,1.0,0.0,0.0,41.01,0.0,-4.14
54.98,79.32,39.05,39.87,1.0,0.0,0.0,39.87,0.0,-45.08
56.34,78.18,39.14,38.56,1.0,0.0,0.0,38.56,0.0,32.68
56.89,78.27,40.62,38.5,1.0,0.0,0.0,38.5,0.0,120.61
60.82,81.38,41.62,39.42,1.0,0.0,0.0,39.42,0.0,133.8
64.06,85.91,42.84,40.76,1.0,0.0,9.89,30.87,0.0,766.67
70.32,90.0,44.46,42.27,0.7895,0.0,12.36,29.91,0.0,1023.16
69.2,92.1,43.63,43.96,0.5263,0.0,12.36,31.6,0.0,832.48
68.68,89.08,42.43,43.53,0.2632,0.0,12.36,31.17,0.0,773.34
63.6,82.1,40.11,42.41,-0.0,0.0,0.0,42.41,0.0,-146.28
54.89,74.91,37.19,39.65,0.0,0.0,-0.0,39.65,0.0,-135.03
52.5,69.69,33.28,36.67,0.0,0.0,-0.0,36.67,0.0,-177.98
48.0,68.43,29.82,33.38,0.0,0.0,-0.0,33.38,0.0,-170.88
48.64,67.7,27.39,30.3,0.5,0.0,9.98,17.41,0.0,485.46
43.45,63.76,25.83,26.41,0.2875,0.0,0.0,25.83,0.0,0.0
41.68,61.31,25.09,24.0,0.2875,0.0,0.0,25.09,0.0,0.0
41.68,58.33,24.85,22.31,0.2875,12.36,0.0,37.21,0.0,-515.16
41.45,56.48,24.95,22.22,0.525,12.36,0.0,37.31,0.0,-512.32
42.58,56.29,26.56,23.3,0.7625,12.36,0.0,38.92,0.0,-526.29
51.58,63.06,31.28,25.35,1.0,0.0,0.0,31.28,0.0,0.0
55.55,75.69,37.06,31.56,1.0,0.0,0.0,37.06,0.0,0.0
55.09,91.18,40.91,37.41,1.0,0.0,12.36,28.55,0.0,681.02
56.84,95.65,41.77,41.11,0.7368,0.0,12.36,29.41,0.0,702.39
54.08,89.23,41.6,41.39,0.4737,0.0,12.36,29.24,0.0,668.54
52.56,85.29,41.34,41.14,0.2105,0.0,0.0,41.34,0.0,0.0
51.8,80.26,39.43,40.14,0.2105,0.0,0.0,39.43,0.0,0.0
51.08,76.79,39.02,38.74,0.2105,12.36,0.0,51.38,0.0,-631.35
52.16,75.77,40.31,38.23,0.448,12.36,0.0,52.67,0.0,-644.7
60.0,78.06,41.06,39.22,0.6855,5.41,0.0,46.47,0.0,-324.74
63.17,80.51,42.35,40.64,0.7895,0.0,0.0,42.35,0.0,0.0
69.93,83.2,43.73,42.27,0.7895,0.0,0.0,43.73,0.0,0.0
63.03,87.25,43.05,43.96,0.7895,0.0,12.36,30.69,0.0,779.18
59.03,98.41,41.71,43.41,0.5263,0.0,12.36,29.35,0.0,729.45
53.44,95.73,39.25,42.41,0.2632,0.0,12.36,26.89,0.0,660.62
51.84,82.93,36.3,39.92,0.0,0.0,0.0,36.3,0.0,0.0
47.14,75.72,32.65,37.05,0.0,0.0,0.0,32.65,0.0,0.0
44.49,72.03,29.3,33.69,0.0,0.0,0.0,29.3,0.0,0.0
45.0,69.93,27.0,30.08,0.5,0.0,12.36,17.72,0.0,417.6
40.3,64.89,25.26,26.05,0.2368,0.0,11.12,14.93,0.0,416.46
38.5,61.67,24.35,24.26,0.0,0.0,0.0,24.26,0.0,3.46
35.57,56.93,23.91,23.73,-0.0,2.6,0.0,26.33,0.0,-86.15
32.09,54.33,23.85,23.61,0.05,12.36,0.0,35.97,0.0,-388.93
37.6,52.12,24.61,23.36,0.2875,12.36,0.0,35.72,0.0,-417.74
44.61,51.82,26.86,23.6,0.525,12.36,0.0,35.96,0.0,-405.95
46.8,56.16,29.89,25.9,0.7625,12.36,0.0,38.26,0.0,-391.72
45.76,61.43,32.21,29.51,1.0,0.0,0.0,29.51,0.0,123.55
45.3,64.63,33.43,32.3,1.0,0.0,0.0,32.3,0.0,51.19
45.0,66.24,33.39,33.75,1.0,0.0,0.0,33.75,0.0,-16.2
45.3,66.95,32.7,33.49,1.0,0.0,0.0,33.49,0.0,-35.79
46.3,68.28,31.41,31.66,1.0,0.0,0.0,31.66,0.0,-11.58
44.13,67.4,30.18,31.15,1.0,0.0,0.0,31.15,0.0,-42.81
43.59,64.82,30.14,30.99,1.0,0.0,0.0,30.99,0.0,-37.05
44.61,62.64,30.62,31.26,1.0,0.0,0.0,31.26,0.0,-28.55
47.27,62.79,32.06,31.8,1.0,0.0,0.0,31.8,0.0,12.29
52.23,67.29,34.66,34.14,1.0,0.0,0.0,34.14,0.0,27.16
52.12,73.75,35.45,36.51,1.0,0.0,12.36,24.15,0.0,588.96
54.38,76.25,35.4,36.95,0.7368,0.0,12.36,24.59,0.0,587.85
50.84,73.79,33.38,35.89,0.4737,0.0,12.36,23.53,0.0,500.77
48.91,68.97,30.81,33.94,0.2105,0.0,9.89,24.05,0.0,330.53
47.15,64.81,28.4,31.65,0.0,0.0,-0.0,31.65,0.0,-153.24
44.49,62.57,25.93,28.71,0.0,0.0,-0.0,28.71,0.0,-123.68
42.65,66.61,24.54,30.93,0.5,0.0,12.36,12.18,0.0,527.24
37.98,61.91,22.98,27.98,0.2368,0.0,11.12,11.86,0.0,422.41
32.0,54.22,21.99,25.48,0.0,0.0,0.0,21.99,0.0,0.0
31.95,49.96,21.46,24.44,0.0,12.36,0.0,33.82,0.0,-394.9
30.0,46.55,21.42,23.72,0.2375,12.36,0.0,33.78,0.0,-370.8
30.1,44.13,21.85,23.64,0.475,12.36,0.0,34.21,0.0,-372.04
32.77,44.31,23.11,24.13,0.7125,12.36,0.0,35.47,0.0,-405.04
39.79,50.64,24.3,24.71,0.95,2.6,0.0,26.9,0.0,-103.54
44.53,62.04,25.87,25.2,1.0,0.0,0.0,25.87,0.0,0.0
44.71,65.16,27.62,26.21,1.0,0.0,0.0,27.62,0.0,0.0
44.31,65.89,28.56,27.33,1.0,0.0,0.0,28.56,0.0,0.0
44.52,64.7,29.05,28.42,1.0,0.0,0.0,29.05,0.0,0.0
45.32,63.05,28.92,28.63,1.0,0.0,0.0,28.92,0.0,0.0
44.52,62.27,27.41,28.0,1.0,0.0,0.0,27.41,0.0,0.0
44.52,61.94,27.05,27.86,1.0,0.0,0.0,27.05,0.0,0.0
44.54,61.93,27.43,28.06,1.0,0.0,0.0,27.43,0.0,0.0
45.01,62.6,28.57,28.68,1.0,0.0,0.0,28.57,0.0,0.0
50.0,64.14,31.37,30.09,1.0,0.0,0.0,31.37,0.0,0.0
51.77,66.15,32.36,32.37,1.0,0.0,9.89,22.47,0.0,511.84
51.8,67.91,32.88,33.42,0.7895,0.0,12.36,20.52,0.0,640.35
49.96,68.68,31.81,33.01,0.5263,0.0,12.36,19.45,0.0,617.37
45.7,67.45,29.92,31.77,0.2632,0.0,12.36,17.56,0.0,564.94
44.64,64.59,27.59,30.34,0.0,0.0,0.0,27.59,0.0,0.0
39.8,62.09,25.16,28.74,0.0,0.0,0.0,25.16,0.0,0.0
38.19,66.16,23.38,29.8,0.5,0.0,12.36,17.44,0.0,226.85
36.3,55.96,22.01,26.71,0.2368,0.0,11.12,15.59,0.0,233.19
36.02,45.59,21.3,26.12,0.0,12.36,0.0,38.48,0.0,-618.82
35.4,42.29,21.12,25.41,0.2375,12.36,0.0,37.77,0.0,-589.41
35.38,40.73,21.61,24.93,0.475,12.36,0.0,37.29,0.0,-554.76
37.84,41.21,23.82,25.17,0.7125,12.36,0.0,37.53,0.0,-518.79
50.0,48.32,29.47,26.1,0.95,2.6,0.0,28.7,0.0,38.39
60.42,63.98,35.38,29.85,1.0,0.0,0.0,29.85,0.0,334.12
58.37,70.78,39.47,34.59,1.0,0.0,-0.0,34.59,0.0,284.85
58.42,72.79,40.25,39.57,1.0,0.0,-0.0,39.57,0.0,39.73
57.3,72.43,39.99,40.49,1.0,0.0,0.0,40.49,0.0,-28.65
57.9,71.49,39.66,39.82,1.0,0.0,0.0,39.82,0.0,-9.26
53.7,70.91,37.72,39.42,1.0,0.0,0.0,39.42,0.0,-91.29
54.08,70.07,37.79,37.74,1.0,0.0,0.0,37.74,0.0,2.7
57.05,68.42,39.24,37.37,1.0,0.0,0.0,37.37,0.0,106.68
59.23,71.7,40.33,38.66,1.0,0.0,0.0,38.66,0.0,98.91
59.28,72.59,41.81,40.07,1.0,0.0,0.0,40.07,0.0,103.15
67.11,76.53,43.31,41.73,1.0,0.0,9.89,31.84,0.0,769.62
63.56,80.94,42.39,43.63,0.7895,0.0,12.36,31.27,0.0,706.79
65.93,81.13,41.39,43.08,0.5263,0.0,12.36,30.72,0.0,703.47
59.3,76.75,39.25,42.1,0.2632,0.0,12.36,29.74,0.0,563.94
51.75,73.38,36.21,39.86,0.0,0.0,-0.0,39.86,0.0,-188.89
49.09,70.29,32.52,36.86,0.0,0.0,-0.0,36.86,0.0,-213.05
44.2,67.3,29.34,33.72,0.0,0.0,-0.0,33.72,0.0,-193.6
41.83,65.98,26.93,26.64,0.5,0.0,12.36,14.57,0.0,517.1
38.57,60.15,25.3,27.45,0.2368,0.0,0.0,25.3,0.0,0.0
36.2,56.49,24.59,26.43,0.2368,2.64,0.0,27.23,0.0,-95.51
35.91,53.28,24.33,25.59,0.2875,12.36,0.0,36.69,0.0,-443.85
35.98,50.65,24.68,25.47,0.525,12.36,0.0,37.04,0.0,-444.71
40.32,51.08,26.38,26.16,0.7625,12.36,0.0,38.74,0.0,-498.36
49.8,57.56,31.32,28.26,1.0,0.0,0.0,31.32,0.0,0.0
53.52,65.41,37.01,32.42,1.0,0.0,0.0,37.01,0.0,0.0
54.79,72.59,40.81,36.8,1.0,0.0,0.0,40.81,0.0,0.0
54.58,79.25,41.5,40.83,1.0,0.0,0.0,41.5,0.0,0.0
54.79,81.4,41.04,41.49,1.0,0.0,0.0,41.04,0.0,0.0
53.71,80.28,40.48,41.3,1.0,0.0,0.0,40.48,0.0,0.0
52.9,77.45,38.5,40.88,1.0,0.0,0.0,38.5,0.0,0.0
52.59,74.27,38.12,39.45,1.0,0.0,0.0,38.12,0.0,0.0
52.99,74.48,39.96,38.79,1.0,0.0,0.0,39.96,0.0,0.0
60.34,77.07,41.16,40.0,1.0,0.0,0.0,41.16,0.0,0.0
68.73,81.3,42.66,41.18,1.0,0.0,0.0,42.66,0.0,0.0
74.53,86.76,44.26,42.87,1.0,0.0,12.36,31.9,0.0,921.34
70.86,94.22,43.52,44.38,0.7368,0.0,12.36,31.16,0.0,875.64
65.48,93.64,42.32,43.31,0.4737,0.0,12.36,29.96,0.0,809.46
59.15,83.46,39.85,42.03,0.2105,0.0,9.89,29.96,0.0,584.8
54.9,77.28,36.84,39.75,0.0,0.0,0.0,36.84,0.0,0.0
49.19,71.68,32.94,36.71,0.0,0.0,0.0,32.94,0.0,0.0
45.81,69.94,29.68,33.47,0.0,0.0,0.0,29.68,0.0,0.0
36.9,66.08,26.91,26.69,0.5,0.0,2.35,24.56,0.0,86.66
35.32,61.08,25.4,27.43,0.45,0.0,2.35,23.05,0.0,82.95
32.84,57.66,24.68,26.53,0.4,0.0,2.35,22.33,0.0,77.12
30.23,53.93,24.41,25.68,0.35,0.0,2.35,22.06,0.0,70.99
31.65,51.11,24.71,25.52,0.3,0.0,2.35,22.36,0.0,74.33
34.8,51.65,26.29,26.19,0.25,0.0,2.35,23.94,0.0,81.72
45.2,57.78,31.25,28.28,0.2,0.0,2.35,28.9,0.0,106.15
52.43,65.3,36.79,32.34,0.15,0.0,2.35,34.44,0.0,123.13
56.3,72.23,40.6,36.52,0.1,0.0,2.35,38.25,0.0,132.21
50.64,78.45,41.37,40.52,0.05,0.0,2.35,39.02,0.0,118.92
50.0,81.36,40.89,41.74,0.0,2.6,0.0,43.49,0.0,-130.11
48.33,82.1,40.49,41.54,0.05,2.6,0.0,43.09,0.0,-125.76
46.31,81.4,38.59,41.1,0.1,2.6,0.0,41.19,0.0,-120.5
47.49,79.19,38.35,39.38,0.15,2.6,0.0,40.95,0.0,-123.57
49.96,79.79,39.88,39.0,0.2,2.6,0.0,42.48,0.0,-130.0
51.16,84.26,40.75,40.11,0.25,2.6,0.0,43.35,0.0,-133.12
59.52,92.65,42.18,41.41,0.3,2.6,0.0,44.78,0.0,-154.88
64.01,106.75,43.67,43.1,0.35,2.6,0.0,46.27,0.0,-166.56
59.46,114.82,42.92,44.04,0.4,2.6,0.0,45.52,0.0,-154.72
58.03,99.09,41.78,43.04,0.45,2.6,0.0,44.38,0.0,-151.0
54.67,87.02,39.28,41.87,0.5,0.0,2.35,36.93,0.0,128.39
50.43,80.11,36.21,39.5,0.45,0.0,2.35,33.86,0.0,118.43
46.81,75.07,32.59,36.56,0.4,0.0,2.35,30.24,0.0,109.93
36.99,72.18,29.28,33.42,0.35,0.0,2.35,26.93,0.0,86.87
40.43,65.04,27.2,26.35,0.5,0.0,0.0,26.35,0.0,34.37
34.0,63.23,25.68,24.13,0.5,0.0,0.0,24.13,0.0,52.7
33.39,59.87,24.81,22.78,0.5,1.3,0.0,24.08,0.0,24.34
29.55,58.18,24.59,22.62,0.525,12.36,0.0,34.98,0.0,-307.02
30.0,57.81,24.94,22.98,0.7625,12.36,0.0,35.34,0.0,-312.0
40.0,61.99,26.56,24.34,1.0,0.0,0.0,24.34,0.0,88.8
50.0,75.68,31.39,27.47,1.0,0.0,0.0,27.47,0.0,196.0
57.49,79.97,37.09,32.88,1.0,0.0,0.0,32.88,0.0,242.03
60.45,81.63,40.9,37.44,1.0,0.0,-0.0,37.44,0.0,209.16
55.74,81.05,41.44,40.85,1.0,0.0,0.0,40.85,0.0,32.89
53.44,79.64,40.83,40.88,1.0,0.0,0.0,40.88,0.0,-2.67
52.32,78.14,40.45,40.57,1.0,0.0,0.0,40.57,0.0,-6.28
50.4,76.16,38.54,39.88,1.0,0.0,0.0,39.88,0.0,-67.54
51.12,75.87,38.26,38.38,1.0,0.0,0.0,38.38,0.0,-6.13
55.19,78.79,39.87,38.43,1.0,0.0,0.0,38.43,0.0,79.47
59.25,81.34,40.62,39.5,1.0,0.0,0.0,39.5,0.0,66.36
67.63,84.29,42.25,40.66,1.0,0.0,-0.0,40.66,0.0,107.53
75.08,90.42,43.72,42.46,1.0,0.0,9.89,32.57,0.0,836.99
71.62,101.63,42.97,44.03,0.7895,0.0,12.36,31.67,0.0,809.31
65.38,101.88,41.87,43.25,0.5263,0.0,12.36,30.89,0.0,717.87
58.84,90.94,39.48,42.26,0.2632,0.0,12.36,29.9,0.0,563.69
51.14,81.45,36.37,39.81,0.0,0.0,-0.0,39.81,0.0,-175.92
47.56,73.03,32.64,36.84,0.0,0.0,-0.0,36.84,0.0,-199.75
43.8,69.25,29.37,33.7,0.0,0.0,-0.0,33.7,0.0,-189.65
40.12,64.47,27.32,28.17,0.5,0.0,12.36,14.96,0.0,495.96
35.89,56.3,25.65,26.72,0.2368,0.0,0.0,25.65,0.0,0.0
32.8,52.68,24.98,26.09,0.2368,2.64,0.0,27.62,0.0,-86.54
29.82,49.94,24.59,25.33,0.2875,12.36,0.0,36.95,0.0,-368.58
32.89,47.79,24.98,25.33,0.525,12.36,0.0,37.34,0.0,-406.52
38.7,47.55,26.53,26.36,0.7625,12.36,0.0,38.89,0.0,-478.33
47.1,55.68,31.28,29.04,1.0,0.0,0.0,31.28,0.0,0.0
53.78,71.91,36.87,33.45,1.0,0.0,0.0,36.87,0.0,0.0
54.27,82.37,40.89,37.52,1.0,0.0,0.0,40.89,0.0,0.0
53.63,84.78,41.45,40.8,1.0,0.0,12.36,29.09,0.0,662.97
50.76,82.73,41.07,41.6,0.7368,0.0,0.0,41.07,0.0,0.0
50.32,80.55,40.62,41.32,0.7368,0.0,0.0,40.62,0.0,0.0
48.93,77.2,38.57,40.56,0.7368,0.0,0.0,38.57,0.0,0.0
48.52,74.33,38.22,38.94,0.7368,12.36,0.0,50.58,0.0,-599.71
51.7,75.77,39.5,38.45,0.9743,1.34,0.0,40.84,0.0,-69.15
54.7,79.17,40.43,39.89,1.0,0.0,0.0,40.43,0.0,0.0
61.48,84.14,41.84,41.22,1.0,0.0,0.0,41.84,0.0,0.0
67.21,91.77,43.16,42.78,1.0,0.0,9.89,33.27,0.0,664.49
62.88,103.96,42.44,44.34,0.7895,0.0,12.36,30.08,0.0,777.32
59.27,105.44,41.47,43.46,0.5263,0.0,12.36,29.11,0.0,732.42
54.18,93.87,38.77,42.34,0.2632,0.0,12.36,26.41,0.0,669.77
52.07,82.81,35.59,39.75,0.0,0.0,0.0,35.59,0.0,0.0
48.0,73.9,32.15,36.8,0.0,0.0,0.0,32.15,0.0,0.0
45.15,69.28,29.21,33.47,0.0,0.0,0.0,29.21,0.0,0.0
43.59,63.4,27.28,28.31,0.5,0.0,12.36,15.95,0.0,493.87
38.05,56.34,25.57,26.46,0.2368,0.0,0.0,26.46,0.0,-33.86
36.22,52.08,24.52,25.66,0.2368,2.64,0.0,28.3,0.0,-136.78
35.39,47.42,23.99,24.9,0.2875,12.36,0.0,37.26,0.0,-469.63
35.39,44.05,23.96,24.34,0.525,12.36,0.0,36.7,0.0,-450.87
36.03,45.16,24.65,24.64,0.7625,12.36,0.0,37.0,0.0,-444.97
45.83,54.32,26.99,26.06,1.0,-0.0,0.0,26.06,0.0,42.62
52.5,64.59,30.08,28.24,1.0,0.0,0.0,28.24,0.0,96.6
57.0,67.43,32.28,30.62,1.0,0.0,0.0,30.62,0.0,94.62
51.73,68.7,33.34,33.66,1.0,0.0,-0.0,33.66,0.0,-16.55
50.0,68.29,33.01,34.49,1.0,0.0,0.0,34.49,0.0,-74.0
46.73,67.29,32.27,33.02,1.0,0.0,0.0,33.02,0.0,-35.05
45.0,65.35,30.85,33.29,1.0,0.0,0.0,33.29,0.0,-109.8
44.0,62.89,29.64,32.19,1.0,0.0,0.0,32.19,0.0,-112.2
45.47,62.23,29.61,31.48,1.0,0.0,0.0,31.48,0.0,-85.03
53.91,63.6,30.25,30.79,1.0,0.0,0.0,30.79,0.0,-29.11
60.85,66.51,31.93,32.02,1.0,0.0,0.0,32.02,0.0,-5.48
67.65,70.28,34.79,34.3,1.0,0.0,9.89,24.41,0.0,702.07
66.73,73.47,35.56,37.33,0.7895,0.0,12.36,24.97,0.0,706.67
67.93,73.79,35.72,37.52,0.5263,0.0,12.36,25.16,0.0,717.34
64.78,72.03,33.75,36.78,0.2632,0.0,12.36,24.42,0.0,604.4
59.67,70.13,31.05,34.85,0.0,0.0,-0.0,34.85,0.0,-226.75
55.01,68.19,28.59,32.49,0.0,0.0,-0.0,32.49,0.0,-214.54
48.06,65.53,26.31,30.09,0.0,0.0,-0.0,30.09,0.0,-181.67
65.1,70.04,28.68,29.64,0.5,0.0,12.36,17.28,0.0,742.14
62.12,66.2,27.12,24.99,0.2368,0.0,11.12,13.87,0.0,823.34
59.05,50.29,25.99,23.79,0.0,0.0,0.0,23.79,0.0,129.91
59.0,44.83,25.62,23.33,-0.0,12.36,0.0,35.69,0.0,-594.13
56.63,42.13,25.66,23.18,0.2375,12.36,0.0,35.54,0.0,-559.5
56.63,41.05,26.06,23.28,0.475,12.36,0.0,35.64,0.0,-542.52
61.66,42.94,28.58,23.91,0.7125,12.36,0.0,36.27,0.0,-474.17
66.61,48.78,32.44,25.32,0.95,2.6,0.0,27.92,0.0,300.94
73.0,54.53,35.25,26.77,1.0,0.0,-0.0,26.77,0.0,619.04
73.0,58.42,36.63,28.18,1.0,0.0,-0.0,28.18,0.0,616.85
65.0,60.59,36.22,28.31,1.0,0.0,0.0,28.31,0.0,514.15
63.82,61.0,35.17,31.66,1.0,0.0,0.0,31.66,0.0,224.01
62.19,60.11,33.26,35.01,1.0,0.0,0.0,35.01,0.0,-108.83
59.5,59.14,31.54,33.89,1.0,0.0,0.0,33.89,0.0,-139.83
56.99,58.93,31.52,33.23,1.0,-0.0,0.0,33.23,0.0,-97.45
61.92,60.35,32.14,33.22,1.0,0.0,0.0,33.22,0.0,-66.87
65.63,64.38,33.53,34.5,1.0,0.0,0.0,34.5,0.0,-63.66
82.47,70.99,37.37,37.05,1.0,0.0,0.0,37.05,0.0,26.39
82.79,76.18,38.78,39.47,1.0,0.0,12.36,27.11,0.0,966.16
83.5,77.22,38.96,40.26,0.7368,0.0,12.36,27.9,0.0,923.51
78.62,75.38,36.4,39.37,0.4737,0.0,12.36,27.01,0.0,738.24
72.94,71.94,33.51,36.8,0.2105,0.0,9.89,26.91,0.0,481.26
64.53,68.34,30.89,34.42,-0.0,0.0,0.0,34.42,0.0,-227.79
60.32,65.57,28.02,31.68,-0.0,0.0,0.0,31.68,0.0,-220.77
47.52,63.03,27.84,28.49,0.5,0.0,12.36,16.13,0.0,556.46
46.63,50.43,26.31,27.3,0.2368,0.0,11.12,16.18,0.0,472.55
46.06,43.05,25.47,25.29,0.0,2.6,0.0,27.89,0.0,-111.56
40.74,39.58,25.28,24.94,0.05,12.36,0.0,37.3,0.0,-489.69
41.76,36.66,25.48,24.79,0.2875,12.36,0.0,37.15,0.0,-487.34
47.67,34.92,27.25,25.37,0.525,12.36,0.0,37.73,0.0,-499.58
61.22,38.79,32.54,27.3,0.7625,12.36,0.0,39.66,0.0,-435.89
66.25,49.48,38.5,32.53,1.0,0.0,0.0,32.53,0.0,395.51
75.53,58.94,43.09,40.49,1.0,0.0,12.36,28.13,0.0,1129.93
65.9,62.19,43.77,44.41,0.7368,0.0,12.36,32.05,0.0,772.35
59.94,56.68,42.87,44.13,0.4737,0.0,12.36,31.77,0.0,665.33
53.11,51.08,42.18,42.87,0.2105,0.0,0.0,42.87,0.0,-36.65
48.41,47.9,39.65,41.09,0.2105,12.36,0.0,53.45,0.0,-668.06
48.23,45.79,39.08,39.51,0.448,12.36,0.0,51.87,0.0,-616.86
51.66,46.0,40.25,39.95,0.6855,12.36,0.0,52.31,0.0,-623.02
57.29,48.07,41.11,40.5,0.923,4.01,0.0,44.51,0.0,-194.55
61.79,51.4,42.14,40.75,1.0,0.0,0.0,40.75,0.0,85.89
71.95,57.25,43.48,41.39,1.0,-0.0,0.0,41.39,0.0,150.38
79.65,67.49,45.5,42.53,1.0,0.0,9.89,32.64,0.0,1024.14
79.74,78.08,44.19,43.51,0.7895,0.0,12.36,31.15,0.0,1039.81
69.5,73.79,41.38,41.75,0.5263,0.0,12.36,29.39,0.0,833.31
63.83,70.33,37.88,38.99,0.2632,0.0,12.36,26.63,0.0,718.09
55.52,62.26,34.08,36.82,0.0,0.0,0.0,36.82,0.0,-152.12
49.4,60.45,30.37,33.79,-0.0,-0.0,0.0,33.79,0.0,-168.95
37.33,56.54,27.32,30.14,0.5,0.0,12.36,17.78,0.0,356.13
36.38,49.03,25.95,26.01,0.2368,0.0,0.0,26.01,0.0,-2.18
32.7,43.45,25.12,23.85,0.2368,12.36,0.0,36.21,0.0,-362.64
32.17,43.12,24.94,23.15,0.4743,12.36,0.0,35.51,0.0,-340.04
32.31,44.16,25.23,23.15,0.7118,12.36,0.0,35.51,0.0,-332.15
36.32,46.35,26.79,23.54,0.9493,2.64,0.0,26.18,0.0,22.29
47.66,50.54,31.38,24.9,1.0,0.0,0.0,24.9,0.0,308.84
58.0,57.6,36.51,29.0,1.0,-0.0,0.0,29.0,0.0,435.58
61.24,66.51,40.78,36.44,1.0,0.0,9.89,26.55,0.0,871.32
58.69,78.87,41.23,37.18,0.7895,0.0,12.36,24.82,0.0,963.1
53.36,84.35,40.5,37.3,0.5263,0.0,12.36,24.94,0.0,830.28
51.83,73.59,39.95,38.71,0.2632,0.0,12.36,26.35,0.0,704.89
42.14,63.12,37.53,37.69,0.0,0.0,-0.0,37.69,0.0,-6.74
42.29,49.7,37.21,36.45,0.0,12.36,0.0,48.81,0.0,-490.56
50.12,47.28,38.55,35.99,0.2375,12.36,0.0,48.35,0.0,-491.18
51.72,49.7,39.26,33.4,0.475,12.36,0.0,45.76,0.0,-336.18
55.25,52.13,39.98,29.27,0.7125,12.36,0.0,41.63,0.0,-91.16
58.4,55.23,40.37,29.21,0.95,2.6,0.0,31.81,0.0,499.78
67.53,61.05,42.25,30.93,1.0,0.0,0.0,30.93,0.0,764.44
74.52,73.93,42.53,33.27,1.0,0.0,12.36,20.91,0.0,1611.12
64.54,86.34,40.6,33.37,0.7368,0.0,12.36,21.01,0.0,1264.34
62.08,72.66,37.39,31.71,0.4737,0.0,12.36,19.35,0.0,1119.92
55.69,65.1,33.46,30.32,0.2105,0.0,9.89,20.43,0.0,725.53
52.75,58.76,29.8,27.43,0.0,0.0,-0.0,27.43,0.0,125.02
56.49,51.64,27.89,25.77,0.5,0.0,12.36,13.41,0.0,817.98
55.26,43.68,26.26,23.35,0.2368,0.0,0.0,23.35,0.0,160.81
55.26,39.91,25.41,22.54,0.2368,12.36,0.0,34.9,0.0,-524.42
54.0,38.1,25.2,22.73,0.4743,12.36,0.0,35.09,0.0,-534.06
52.97,38.24,25.3,23.38,0.7118,12.36,0.0,35.74,0.0,-553.01
55.65,41.3,26.53,24.81,0.9493,2.64,0.0,27.45,0.0,-50.99
62.0,47.85,30.8,27.21,1.0,0.0,-0.0,27.21,0.0,222.58
70.0,56.18,36.04,29.93,1.0,0.0,0.0,29.93,0.0,427.7
74.88,66.79,40.28,34.1,1.0,0.0,12.36,21.74,0.0,1388.28
74.0,72.05,40.97,37.24,0.7368,0.0,12.36,24.88,0.0,1190.66
70.0,65.3,40.46,38.38,0.4737,0.0,12.36,26.02,0.0,1010.8
64.65,61.66,39.95,38.01,0.2105,0.0,0.0,38.01,0.0,125.42
57.65,59.28,37.74,39.41,0.2105,0.0,0.0,39.41,0.0,-96.28
56.72,56.38,37.19,37.41,0.2105,0.0,0.0,37.41,0.0,-12.48
57.59,55.87,37.98,38.11,0.2105,12.36,0.0,50.47,0.0,-719.3
58.65,56.08,38.13,38.63,0.448,4.07,0.0,42.7,0.0,-268.29
59.11,56.29,38.13,38.71,0.5263,0.0,0.0,38.71,0.0,-34.28
59.11,56.81,37.66,38.8,0.5263,0.0,0.0,38.8,0.0,-67.39
60.0,57.43,37.81,38.67,0.5263,0.0,0.0,38.67,0.0,-51.6
72.17,58.71,38.22,38.47,0.5263,0.0,0.0,38.47,0.0,-18.04
74.33,65.85,39.15,39.32,0.5263,0.0,12.36,26.96,0.0,906.08
61.07,71.23,36.59,39.84,0.2632,0.0,12.36,27.48,0.0,556.35
56.93,59.38,32.93,37.12,-0.0,0.0,0.0,37.12,0.0,-238.54
53.72,55.22,29.44,33.71,0.0,0.0,-0.0,33.71,0.0,-229.38
49.8,52.51,24.12,30.04,0.5,0.0,11.12,18.92,0.0,259.16
46.04,55.18,22.61,27.17,0.2632,0.0,12.36,14.81,0.0,359.11
42.0,49.77,21.57,25.05,0.0,0.0,0.0,25.05,0.0,-146.16
36.05,40.14,21.12,24.24,-0.0,12.36,0.0,36.6,0.0,-558.05
35.51,36.57,21.04,23.99,0.2375,12.36,0.0,36.35,0.0,-543.66
40.96,36.57,20.85,24.06,0.475,12.36,0.0,36.42,0.0,-637.75
35.51,40.0,20.74,24.48,0.7125,12.36,0.0,36.84,0.0,-571.71
39.16,45.39,22.12,26.82,0.95,2.6,0.0,29.42,0.0,-285.95
43.8,53.53,23.74,33.01,1.0,0.0,0.0,33.01,0.0,-406.03
46.5,62.85,24.93,38.42,1.0,0.0,12.36,26.06,0.0,-52.55
52.24,65.37,25.4,39.52,0.7368,0.0,12.36,27.16,0.0,-91.94
50.0,58.56,25.53,38.34,0.4737,0.0,12.36,25.98,0.0,-22.5
44.83,54.6,25.16,37.75,0.2105,0.0,0.0,37.75,0.0,-564.41
40.61,50.7,23.83,36.57,0.2105,0.0,0.0,36.57,0.0,-517.37
39.15,47.81,23.18,37.14,0.2105,12.36,0.0,49.5,0.0,-1030.43
38.0,48.61,23.05,38.0,0.448,12.36,0.0,50.36,0.0,-1037.78
42.0,50.82,23.34,38.2,0.6855,0.0,0.0,38.2,0.0,-624.12
44.32,51.97,24.25,37.86,0.6855,0.0,0.0,37.86,0.0,-603.2
47.99,52.05,25.62,37.48,0.6855,0.0,0.0,37.48,0.0,-569.16
52.57,52.38,27.67,37.14,0.6855,0.0,0.0,37.14,0.0,-497.84
55.77,55.83,29.3,37.27,0.6855,0.0,7.48,29.79,0.0,-27.45
56.73,61.25,29.46,38.31,0.5263,0.0,12.36,25.95,0.0,199.12
54.84,60.75,27.29,36.93,0.2632,0.0,12.36,24.57,0.0,149.16
47.56,54.34,24.49,33.85,-0.0,0.0,0.0,33.85,0.0,-445.16
52.33,50.6,30.61,30.63,0.5,0.0,0.0,30.63,0.0,-1.05
43.25,52.28,29.22,28.01,0.5,0.0,11.12,16.89,0.0,533.45
42.34,55.11,27.96,27.41,0.2632,0.0,12.36,15.05,0.0,546.61
40.25,45.99,27.59,27.15,0.0,2.6,0.0,29.75,0.0,-87.02
41.56,40.55,27.56,26.82,0.05,12.36,0.0,39.18,0.0,-482.93
39.97,37.64,27.99,26.44,0.2875,12.36,0.0,38.8,0.0,-432.08
45.7,38.12,31.29,26.3,0.525,12.36,0.0,38.66,0.0,-336.81
54.94,42.2,36.59,27.94,0.7625,12.36,0.0,40.3,0.0,-203.83
60.0,50.76,41.49,30.09,1.0,0.0,0.0,30.09,0.0,684.0
57.92,56.91,42.82,32.03,1.0,0.0,12.36,19.67,0.0,1340.85
58.38,59.14,42.89,32.78,0.7368,0.0,12.36,20.42,0.0,1311.8
53.72,58.41,42.89,32.89,0.4737,0.0,12.36,20.53,0.0,1201.18
45.84,53.91,40.85,33.79,0.2105,0.0,7.54,26.25,0.0,669.25
44.7,47.98,40.97,37.19,0.05,12.36,0.0,49.55,0.0,-383.53
50.48,43.08,42.04,40.74,0.2875,12.36,0.0,53.1,0.0,-558.31
53.64,44.12,42.49,33.97,0.525,12.36,0.0,46.33,0.0,-205.98
54.94,48.36,42.69,34.67,0.7625,12.36,0.0,47.03,0.0,-238.44
56.33,51.26,42.18,44.57,1.0,0.0,0.0,44.57,0.0,-134.63
57.58,52.32,41.38,44.38,1.0,-0.0,0.0,44.38,0.0,-172.74
60.95,54.09,40.48,43.76,1.0,0.0,0.0,43.76,0.0,-199.92
61.81,61.31,39.71,42.52,1.0,0.0,9.89,32.63,0.0,437.49
57.94,69.25,38.96,41.28,0.7895,0.0,12.36,28.92,0.0,581.72
52.94,67.71,35.95,40.11,0.5263,0.0,12.36,27.75,0.0,434.11
45.68,63.37,32.5,37.24,0.2632,0.0,12.36,24.88,0.0,348.08
58.65,56.5,32.23,33.68,0.5,0.0,0.0,32.23,0.0,0.0
54.32,58.39,30.56,31.78,0.5,0.0,12.36,18.2,0.0,671.5
52.98,58.11,29.43,28.8,0.2368,0.0,8.77,20.66,0.0,464.83
49.3,53.5,28.95,26.56,0.05,0.0,0.0,28.95,0.0,0.0
48.83,51.54,28.93,25.73,0.05,12.36,0.0,41.29,0.0,-603.54
48.76,50.14,29.64,25.71,0.2875,12.36,0.0,42.0,0.0,-602.67
53.96,49.47,32.51,25.96,0.525,12.36,0.0,44.87,0.0,-666.95
59.94,52.05,37.28,27.86,0.7625,12.36,0.0,49.64,0.0,-740.86
60.41,55.6,42.0,31.14,1.0,0.0,0.0,42.0,0.0,0.0
60.49,60.23,43.7,34.6,1.0,0.0,12.36,31.34,0.0,747.78
58.84,61.86,44.0,37.06,0.7368,0.0,12.36,31.64,0.0,727.1
58.59,59.36,44.15,37.64,0.4737,0.0,8.75,35.4,0.0,512.4
51.03,54.34,42.79,37.49,0.2875,0.0,0.0,42.79,0.0,0.0
50.04,49.34,42.69,38.35,0.2875,12.36,0.0,55.05,0.0,-618.49
52.7,47.93,43.43,39.3,0.525,12.36,0.0,55.79,0.0,-651.37
56.18,51.43,43.68,40.46,0.7625,12.36,0.0,56.04,0.0,-694.38
62.33,54.98,43.87,41.69,1.0,0.0,0.0,43.87,0.0,0.0
58.05,58.39,43.48,42.75,1.0,0.0,0.0,43.48,0.0,0.0
59.5,61.41,42.94,43.76,1.0,0.0,0.0,42.94,0.0,0.0
60.55,64.23,41.66,41.46,1.0,0.0,0.0,41.66,0.0,0.0
60.06,67.92,40.67,40.38,1.0,0.0,12.36,28.31,0.0,742.46
59.49,69.63,39.89,40.24,0.7368,0.0,12.36,27.53,0.0,735.13
55.55,68.86,37.19,40.28,0.4737,0.0,12.36,24.83,0.0,686.71
48.04,67.45,34.27,38.96,0.2105,0.0,9.89,24.38,0.0,474.96
62.39,63.92,27.41,36.48,0.5,0.0,0.0,27.41,0.0,0.0
56.31,72.49,25.76,28.85,0.5,0.0,12.36,13.4,0.0,696.1
54.03,66.79,24.6,25.13,0.2368,0.0,11.12,13.48,0.0,600.92
54.56,63.62,24.03,24.15,0.0,0.0,0.0,24.03,0.0,0.0
52.76,62.16,23.76,22.85,0.0,0.0,0.0,23.76,0.0,0.0
54.05,61.19,24.52,23.14,0.0,0.0,0.0,24.52,0.0,0.0
56.67,60.46,25.65,23.41,0.0,0.0,0.0,25.65,0.0,0.0
58.72,60.56,28.22,23.82,0.0,0.0,0.0,28.22,0.0,0.0
57.97,60.1,31.87,24.45,0.0,0.0,0.0,31.87,0.0,0.0
55.54,59.4,33.5,24.57,0.0,0.0,0.0,33.5,0.0,0.0
50.63,59.05,34.04,25.77,0.0,0.0,0.0,34.04,0.0,0.0
47.16,58.99,34.59,26.59,0.0,0.0,0.0,34.59,0.0,0.0
47.2,58.9,34.82,26.71,0.0,2.6,0.0,37.42,0.0,-122.82
48.6,58.17,35.17,26.5,0.05,12.36,0.0,47.53,0.0,-600.7
51.81,57.36,35.58,25.93,0.2875,12.36,0.0,47.94,0.0,-640.37
58.73,57.37,35.78,25.43,0.525,12.36,0.0,48.14,0.0,-725.9
61.15,58.55,36.01,25.55,0.7625,12.36,0.0,48.37,0.0,-755.81
70.54,60.85,36.35,26.58,1.0,0.0,0.0,36.35,0.0,0.0
73.66,63.88,36.73,27.91,1.0,0.0,0.0,36.73,0.0,0.0
70.56,68.28,36.7,28.89,1.0,0.0,0.0,36.7,0.0,0.0
71.46,74.49,37.33,30.37,1.0,0.0,12.36,24.97,0.0,883.39
71.89,78.57,36.34,31.3,0.7368,0.0,12.36,23.98,0.0,888.36
65.57,77.34,33.42,30.49,0.4737,0.0,12.36,21.06,0.0,810.57
60.32,73.88,30.31,28.47,0.2105,0.0,9.89,20.42,0.0,596.37
45.67,69.36,28.96,27.18,0.5,12.36,0.0,39.54,0.0,-483.19
43.55,78.48,27.29,30.43,0.7375,0.0,12.36,18.07,0.0,401.53
42.55,75.97,26.32,29.11,0.4743,0.0,0.0,29.11,0.0,-118.71
42.03,72.14,25.96,27.39,0.4743,0.0,0.0,27.39,0.0,-60.1
42.03,69.95,25.88,26.96,0.4743,12.36,0.0,39.32,0.0,-564.88
43.18,69.96,27.24,27.6,0.7118,12.36,0.0,39.96,0.0,-549.25
53.0,70.5,31.2,28.5,0.9493,2.64,0.0,31.14,0.0,3.37
52.78,73.04,35.25,29.96,1.0,0.0,0.0,29.96,0.0,279.21
55.97,78.1,39.68,34.25,1.0,0.0,0.0,34.25,0.0,303.92
50.44,87.63,40.59,39.54,1.0,0.0,0.0,39.54,0.0,52.96
47.02,100.02,40.55,42.55,1.0,0.0,12.36,30.19,0.0,487.13
45.01,92.62,40.49,43.06,0.7368,0.0,12.36,30.7,0.0,440.65
42.18,84.81,38.65,42.89,0.4737,0.0,0.0,42.89,0.0,-178.84
42.18,79.51,38.72,42.47,0.4737,12.36,0.0,54.83,0.0,-679.52
45.0,75.5,39.86,42.04,0.7112,12.36,0.0,54.4,0.0,-654.3
47.02,80.05,40.37,42.99,0.9487,2.67,0.0,45.66,0.0,-248.76
52.17,86.35,40.82,44.09,1.0,0.0,0.0,44.09,0.0,-170.6
52.67,92.14,40.35,44.34,1.0,0.0,9.89,34.45,0.0,310.65
53.27,93.45,39.9,44.08,0.7895,0.0,12.36,31.72,0.0,435.75
58.55,91.0,40.86,43.25,0.5263,0.0,0.0,43.25,0.0,-139.93
59.55,102.51,40.39,42.87,0.5263,0.0,12.36,30.51,0.0,588.35
55.84,105.68,37.51,42.53,0.2632,0.0,12.36,30.17,0.0,409.87
49.59,87.04,34.06,39.43,0.0,0.0,-0.0,39.43,0.0,-266.3
43.0,81.61,30.99,35.92,0.0,0.0,-0.0,35.92,0.0,-211.99
57.87,75.89,27.14,31.92,0.5,0.0,12.36,14.78,0.0,715.39
51.7,70.92,25.59,26.86,0.2368,0.0,0.0,25.59,0.0,0.0
46.49,69.03,24.75,23.83,0.2368,0.0,0.0,24.75,0.0,0.0
41.37,66.23,24.29,22.19,0.2368,12.36,0.0,36.65,0.0,-511.33
40.23,64.88,24.23,22.05,0.4743,12.36,0.0,36.59,0.0,-497.24
44.85,64.66,24.61,22.1,0.7118,12.36,0.0,36.97,0.0,-554.35
58.08,66.78,26.8,23.34,0.9493,2.64,0.0,29.44,0.0,-153.25
61.26,75.2,29.6,27.24,1.0,0.0,0.0,29.6,0.0,0.0
52.45,87.45,31.06,32.21,1.0,0.0,12.36,18.7,0.0,648.39
50.65,103.6,31.78,37.61,0.7368,0.0,12.36,19.42,0.0,625.9
42.86,92.63,31.17,39.48,0.4737,0.0,12.36,18.81,0.0,529.83
40.69,84.19,30.39,39.92,0.2105,0.0,9.89,20.5,0.0,402.29
39.85,78.79,28.96,39.53,0.0,0.0,0.0,28.96,0.0,0.0
38.16,73.31,27.76,37.84,0.0,2.67,0.0,30.43,0.0,-101.88
38.13,71.07,27.48,36.37,0.0513,12.36,0.0,39.84,0.0,-471.29
39.92,71.97,27.56,37.4,0.2888,12.36,0.0,39.92,0.0,-493.41
42.25,74.47,28.24,38.13,0.5263,0.0,0.0,28.24,0.0,0.0
48.34,77.26,29.44,38.33,0.5263,0.0,0.0,29.44,0.0,0.0
60.89,79.2,31.91,38.63,0.5263,0.0,0.0,31.91,0.0,0.0
66.34,81.17,34.43,39.9,0.5263,0.0,0.0,34.43,0.0,0.0
62.65,94.31,32.84,41.38,0.5263,0.0,12.36,20.48,0.0,774.18
54.55,90.88,30.39,39.6,0.2632,0.0,12.36,18.03,0.0,674.35
44.23,79.69,28.31,36.89,0.0,0.0,0.0,28.31,0.0,0.0
43.63,77.72,25.93,34.02,0.0,0.0,0.0,25.93,0.0,0.0
41.05,73.69,27.34,30.76,0.5,0.0,4.7,22.64,0.0,192.8
38.12,60.89,25.77,27.09,0.4,0.0,4.7,21.07,0.0,179.04
35.4,52.41,24.99,24.17,0.3,0.0,4.7,20.29,0.0,166.27
32.94,50.24,24.74,22.98,0.2,0.0,4.7,20.04,0.0,154.71
32.53,49.47,24.97,21.96,0.1,0.0,4.7,20.27,0.0,152.79
40.0,49.86,26.6,21.46,0.0,5.2,0.0,31.8,0.0,-208.17
48.0,53.79,31.38,22.08,0.1,5.2,0.0,36.58,0.0,-249.8
53.66,64.27,36.77,25.43,0.2,5.2,0.0,41.97,0.0,-279.26
58.5,71.18,41.01,30.0,0.3,5.2,0.0,46.21,0.0,-304.45
60.0,74.63,41.78,33.99,0.4,5.2,0.0,46.98,0.0,-312.25
57.43,73.52,41.68,37.72,0.5,5.2,0.0,46.88,0.0,-298.88
56.0,71.65,41.56,39.61,0.6,5.2,0.0,46.76,0.0,-291.44
52.01,70.33,39.43,39.61,0.7,5.2,0.0,44.63,0.0,-270.67
51.01,68.52,38.98,39.24,0.8,5.2,0.0,44.18,0.0,-265.47
51.62,65.58,40.47,38.24,0.9,5.2,0.0,45.67,0.0,-268.64
52.48,65.56,41.45,38.17,1.0,0.0,4.7,36.75,0.0,246.49
57.43,67.67,42.74,39.74,0.9,0.0,4.7,38.04,0.0,269.74
65.0,71.56,44.65,40.93,0.8,0.0,4.7,39.95,0.0,305.29
64.43,76.5,43.72,42.29,0.7,0.0,4.7,39.02,0.0,302.61
62.85,79.5,42.57,41.23,0.6,0.0,4.7,37.87,0.0,295.19
57.43,78.34,40.15,39.65,0.5,0.0,4.7,35.45,0.0,269.74
52.3,74.44,36.8,37.81,0.4,0.0,4.7,32.1,0.0,245.64
49.03,69.17,33.14,35.25,0.3,0.0,4.7,28.44,0.0,230.28
44.74,64.27,29.79,32.56,0.2,0.0,4.7,25.09,0.0,210.13
45.93,60.8,28.52,30.01,0.5,0.0,0.0,28.52,0.0,0.0
44.56,64.12,26.72,28.24,0.5,0.0,0.0,26.72,0.0,0.0
43.2,64.34,25.93,25.71,0.5,0.0,12.36,13.57,0.0,534.04
41.83,57.94,25.7,24.8,0.2368,2.64,0.0,28.34,0.0,-110.37
41.82,55.11,26.06,24.71,0.2875,12.36,0.0,38.42,0.0,-516.9
43.27,55.2,27.71,24.85,0.525,12.36,0.0,40.07,0.0,-534.82
47.58,57.08,33.07,25.57,0.7625,12.36,0.0,45.43,0.0,-588.09
58.54,62.54,39.12,29.18,1.0,0.0,0.0,39.12,0.0,0.0
62.84,73.81,43.23,35.21,1.0,0.0,0.0,43.23,0.0,0.0
61.52,85.77,44.32,40.57,1.0,0.0,0.0,44.32,0.0,0.0
57.22,87.96,43.96,43.93,1.0,0.0,9.89,34.07,0.0,565.72
55.51,84.98,43.33,44.6,0.7895,0.0,0.0,43.33,0.0,0.0
51.56,82.18,41.22,44.0,0.7895,0.0,0.0,41.22,0.0,0.0
51.38,80.8,41.1,42.97,0.7895,0.0,0.0,41.1,0.0,0.0
54.31,80.04,42.65,42.25,0.7895,0.0,0.0,42.65,0.0,0.0
57.63,82.13,43.64,43.41,0.7895,0.0,0.0,43.64,0.0,0.0
61.45,86.06,45.46,44.61,0.7895,0.0,0.0,45.46,0.0,0.0
68.28,90.33,46.83,45.78,0.7895,0.0,12.36,34.47,0.0,844.08
60.77,93.48,45.73,47.42,0.5263,0.0,12.36,33.37,0.0,750.95
57.86,93.08,44.47,46.74,0.2632,0.0,12.36,32.11,0.0,715.26
53.54,87.36,41.52,45.38,0.0,0.0,0.0,41.52,0.0,0.0
50.55,81.63,38.41,43.36,0.0,0.0,0.0,38.41,0.0,0.0
46.56,75.07,34.89,40.12,0.0,0.0,0.0,34.89,0.0,0.0
44.04,71.62,31.75,37.19,0.0,0.0,0.0,31.75,0.0,0.0
42.3,70.96,28.71,29.86,0.5,0.0,12.36,17.5,0.0,474.18
39.99,63.43,26.93,28.23,0.2368,0.0,11.12,17.11,0.0,392.86
36.88,53.2,26.19,26.54,0.0,12.36,0.0,38.9,0.0,-468.74
36.64,50.46,25.84,25.59,0.2375,12.36,0.0,37.95,0.0,-443.71
35.85,49.43,26.24,25.25,0.475,12.36,0.0,37.61,0.0,-407.61
40.65,50.12,27.95,25.56,0.7125,12.36,0.0,37.92,0.0,-405.28
46.51,54.05,33.23,25.98,0.95,2.6,0.0,28.58,0.0,216.17
50.44,61.9,39.36,29.24,1.0,0.0,0.0,29.24,0.0,510.45
56.0,67.75,43.31,34.73,1.0,0.0,-0.0,34.73,0.0,480.48
58.2,71.22,44.54,40.04,1.0,0.0,-0.0,40.04,0.0,261.9
55.85,75.65,44.3,42.58,1.0,0.0,0.0,42.58,0.0,96.06
55.56,76.89,43.84,43.54,1.0,0.0,0.0,43.54,0.0,16.67
51.31,77.65,41.75,43.65,1.0,0.0,0.0,43.65,0.0,-97.49
51.9,77.45,41.4,43.44,1.0,0.0,0.0,43.44,0.0,-105.88
51.63,75.8,42.68,43.12,1.0,0.0,0.0,43.12,0.0,-22.72
51.17,73.59,43.3,42.72,1.0,0.0,0.0,42.72,0.0,29.68
55.38,74.16,44.89,43.59,1.0,0.0,0.0,43.59,0.0,71.99
58.61,76.98,46.36,45.08,1.0,0.0,0.0,45.08,0.0,75.02
53.07,80.29,45.16,46.55,1.0,0.0,12.36,34.19,0.0,582.18
50.25,82.84,43.93,45.05,0.7368,0.0,12.36,32.69,0.0,564.81
47.18,82.46,41.18,44.09,0.4737,0.0,12.36,31.73,0.0,445.85
44.26,78.2,37.83,41.38,0.2105,0.0,9.89,31.49,0.0,280.52
43.4,71.4,34.42,38.5,0.0,0.0,-0.0,38.5,0.0,-177.07
38.85,67.48,31.23,35.28,0.0,0.0,-0.0,35.28,0.0,-157.34
39.73,74.67,28.5,29.5,0.5,0.0,12.36,17.14,0.0,451.33
34.96,65.12,26.56,25.49,0.2368,0.0,8.78,16.71,0.0,344.2
32.88,60.78,25.65,23.84,0.05,0.0,0.0,23.84,0.0,59.51
31.48,57.16,25.19,22.81,0.05,12.36,0.0,35.17,0.0,-314.17
29.04,54.47,25.33,22.33,0.2875,12.36,0.0,34.69,0.0,-271.81
29.03,54.02,26.03,22.64,0.525,12.36,0.0,35.0,0.0,-260.4
37.96,58.22,28.62,23.86,0.7625,12.36,0.0,36.22,0.0,-288.5
43.67,63.78,32.01,25.71,1.0,0.0,0.0,25.71,0.0,275.12
43.32,66.95,34.09,28.66,1.0,0.0,0.0,28.66,0.0,235.23
44.52,69.29,35.27,29.57,1.0,0.0,-0.0,29.57,0.0,253.76
42.08,69.94,34.78,30.16,1.0,0.0,0.0,30.16,0.0,194.41
40.87,68.94,33.74,31.49,1.0,0.0,0.0,31.49,0.0,91.96
40.42,66.69,32.33,33.59,1.0,0.0,0.0,33.59,0.0,-50.93
39.07,64.42,31.2,32.79,1.0,0.0,0.0,32.79,0.0,-62.12
42.68,63.17,31.27,31.92,1.0,-0.0,0.0,31.92,0.0,-27.74
45.35,64.61,31.88,31.58,1.0,0.0,0.0,31.58,0.0,13.61
47.2,68.72,33.88,32.34,1.0,0.0,0.0,32.34,0.0,72.69
52.62,73.09,36.84,34.8,1.0,0.0,12.36,22.44,0.0,757.73
52.19,74.63,37.28,37.55,0.7368,0.0,12.36,25.19,0.0,630.98
53.06,73.28,37.29,34.88,0.4737,0.0,12.36,22.52,0.0,783.7
49.15,71.01,35.3,34.09,0.2105,0.0,9.89,24.2,0.0,545.47
46.7,68.88,32.7,31.76,0.0,0.0,-0.0,31.76,0.0,43.9
45.1,67.26,30.37,28.86,0.0,0.0,-0.0,28.86,0.0,68.1
43.14,66.7,27.8,26.31,0.0,0.0,-0.0,26.31,0.0,64.28
40.25,63.52,25.55,31.13,0.5,0.0,12.36,13.19,0.0,497.57
35.25,57.5,23.74,24.84,0.2368,0.0,11.12,12.62,0.0,392.05
30.0,51.22,22.67,22.6,0.0,2.6,0.0,25.27,0.0,-78.06
29.52,47.1,22.17,22.15,0.05,12.36,0.0,34.53,0.0,-364.87
28.8,44.24,22.08,21.94,0.2875,12.36,0.0,34.44,0.0,-355.97
28.96,45.07,22.62,21.98,0.525,12.36,0.0,34.98,0.0,-357.95
30.0,50.99,24.29,22.83,0.7625,12.36,0.0,36.65,0.0,-370.8
38.26,58.29,25.99,24.13,1.0,0.0,0.0,25.99,0.0,0.0
40.0,63.66,27.47,26.63,1.0,0.0,0.0,27.47,0.0,0.0
42.05,66.51,29.1,29.65,1.0,0.0,0.0,29.1,0.0,0.0
40.38,67.33,29.57,31.67,1.0,0.0,0.0,29.57,0.0,0.0
40.1,67.43,29.68,38.11,1.0,0.0,0.0,29.68,0.0,0.0
42.06,66.99,29.46,37.74,1.0,0.0,0.0,29.46,0.0,0.0
39.46,65.52,28.29,34.64,1.0,0.0,0.0,28.29,0.0,0.0
41.08,64.54,28.02,28.92,1.0,0.0,0.0,28.02,0.0,0.0
44.56,64.35,28.55,28.11,1.0,0.0,0.0,28.55,0.0,0.0
48.03,65.3,30.18,28.82,1.0,0.0,0.0,30.18,0.0,0.0
51.97,68.42,33.02,30.93,1.0,0.0,9.89,23.13,0.0,513.82
51.78,72.8,33.88,33.1,0.7895,0.0,12.36,21.52,0.0,640.1
52.6,74.65,34.25,35.51,0.5263,0.0,12.36,21.89,0.0,649.99
51.44,72.51,33.12,37.07,0.2632,0.0,12.36,20.76,0.0,635.9
49.5,68.4,31.36,34.63,0.0,0.0,0.0,31.36,0.0,0.0
44.6,63.19,29.12,31.91,0.0,0.0,0.0,29.12,0.0,0.0
40.23,58.47,26.56,29.46,0.0,0.0,0.0,26.56,0.0,0.0
39.81,60.41,23.83,27.1,0.5,0.0,12.36,11.47,0.0,492.13
35.0,54.26,22.42,24.08,0.2368,0.0,11.12,11.3,0.0,389.27
31.3,44.25,21.8,21.85,0.0,2.6,0.0,24.4,0.0,-81.45
30.0,38.7,21.54,21.29,0.05,12.36,0.0,33.9,0.0,-370.8
30.0,34.28,22.1,21.56,0.2875,12.36,0.0,34.46,0.0,-370.8
39.8,32.79,24.16,21.56,0.525,12.36,0.0,36.52,0.0,-491.93
47.82,42.55,30.17,22.76,0.7625,12.36,0.0,42.53,0.0,-591.06
51.23,57.26,36.57,25.33,1.0,0.0,0.0,36.57,0.0,0.0
56.17,65.53,40.79,28.11,1.0,0.0,0.0,40.79,0.0,0.0
56.81,68.72,42.1,30.08,1.0,0.0,12.36,29.74,0.0,702.28
52.0,66.92,42.0,31.05,0.7368,0.0,0.0,42.0,0.0,0.0
51.42,64.24,41.54,31.11,0.7368,0.0,0.0,41.54,0.0,0.0
49.78,62.54,39.5,31.41,0.7368,0.0,0.0,39.5,0.0,0.0
50.0,60.79,39.37,30.97,0.7368,12.36,0.0,51.73,0.0,-618.0
53.3,60.92,40.8,30.72,0.9743,1.34,0.0,42.14,0.0,-71.29
58.51,63.49,41.6,30.57,1.0,0.0,0.0,41.6,0.0,0.0
59.95,67.65,43.03,30.78,1.0,0.0,9.89,33.14,0.0,592.71
65.0,72.55,44.54,32.4,0.7895,0.0,12.36,32.18,0.0,803.53
58.07,76.04,43.44,35.07,0.5263,0.0,12.36,31.08,0.0,717.59
54.71,73.08,42.11,35.91,0.2632,0.0,12.36,29.75,0.0,676.32
50.0,67.52,39.63,34.95,0.0,0.0,0.0,39.63,0.0,0.0
48.0,63.15,36.68,33.1,0.0,0.0,0.0,36.68,0.0,0.0
45.5,60.06,33.23,31.02,0.0,0.0,0.0,33.23,0.0,0.0
42.0,56.68,29.95,28.88,0.0,0.0,0.0,29.95,0.0,0.0
39.8,60.77,26.73,27.31,0.5,0.0,12.36,14.95,0.0,468.84
35.0,54.51,25.04,24.64,0.2368,0.0,11.12,13.52,0.0,403.34
35.0,43.81,24.34,21.89,0.0,2.6,0.0,24.49,0.0,-5.32
31.49,37.86,23.98,21.09,0.05,12.36,0.0,33.45,0.0,-298.21
35.0,33.2,24.46,21.21,0.2875,12.36,0.0,33.57,0.0,-318.85
39.74,30.74,26.12,22.06,0.525,12.36,0.0,34.42,0.0,-329.84
45.8,38.49,31.44,24.34,0.7625,12.36,0.0,36.7,0.0,-240.91
49.0,52.97,37.54,27.17,1.0,-0.0,0.0,27.17,0.0,508.13
54.15,62.28,41.35,29.56,1.0,0.0,0.0,29.56,0.0,638.43
50.0,67.23,42.28,31.24,1.0,0.0,12.36,18.88,0.0,1170.0
48.89,66.56,41.71,32.18,0.7368,0.0,9.95,22.23,0.0,952.37
48.12,63.8,41.11,33.75,0.525,0.0,0.0,33.75,0.0,354.16
46.73,61.66,38.93,34.59,0.525,0.0,0.0,34.59,0.0,202.81
46.6,59.28,38.69,34.16,0.525,12.36,0.0,46.52,0.0,-364.88
49.28,58.41,40.12,34.1,0.7625,12.36,0.0,46.46,0.0,-312.44
53.42,60.32,41.08,34.85,1.0,0.0,0.0,34.85,0.0,332.81
56.5,63.87,42.85,36.62,1.0,0.0,0.0,36.62,0.0,352.0
60.77,68.39,44.61,38.92,1.0,0.0,12.36,26.56,0.0,1096.9
56.27,73.32,43.49,40.5,0.7368,0.0,12.36,28.14,0.0,863.74
55.1,72.82,42.12,39.23,0.4737,0.0,12.36,26.87,0.0,840.28
49.43,67.55,39.48,38.18,0.2105,0.0,9.89,28.29,0.0,553.02
46.8,62.83,36.42,36.2,0.0,0.0,-0.0,36.2,0.0,10.3
44.91,59.04,32.85,33.85,0.0,0.0,-0.0,33.85,0.0,-44.91
40.46,54.57,29.58,31.22,0.0,0.0,-0.0,31.22,0.0,-66.35
37.07,73.45,26.96,30.42,0.5,0.0,12.36,14.6,0.0,458.26
32.04,61.66,25.31,25.47,0.2368,0.0,8.77,16.54,0.0,281.11
29.06,56.88,24.48,23.99,0.05,0.0,0.0,24.48,0.0,0.0
29.13,53.6,24.25,23.82,0.05,12.36,0.0,36.61,0.0,-360.05
29.13,51.21,24.67,23.79,0.2875,12.36,0.0,37.03,0.0,-360.05
36.01,50.18,26.19,23.9,0.525,12.36,0.0,38.55,0.0,-445.08
45.0,55.28,31.48,24.87,0.7625,12.36,0.0,43.84,0.0,-556.2
48.98,63.57,37.45,28.36,1.0,0.0,0.0,37.45,0.0,0.0
51.4,67.22,41.36,32.62,1.0,0.0,0.0,41.36,0.0,0.0
50.8,67.89,42.42,34.63,1.0,0.0,0.0,42.42,0.0,0.0
49.69,68.04,41.93,37.09,1.0,0.0,0.0,41.93,0.0,0.0
48.37,67.86,41.44,38.48,1.0,0.0,0.0,41.44,0.0,0.0
46.63,67.79,39.4,35.62,1.0,0.0,0.0,39.4,0.0,0.0
47.07,67.31,39.04,35.16,1.0,0.0,0.0,39.04,0.0,0.0
48.36,66.81,40.29,34.2,1.0,0.0,0.0,40.29,0.0,0.0
49.0,67.67,41.04,33.55,1.0,0.0,0.0,41.04,0.0,0.0
51.0,70.21,42.73,32.98,1.0,0.0,0.0,42.73,0.0,0.0
56.03,73.26,44.38,34.2,1.0,0.0,12.36,32.02,0.0,692.64
51.0,74.91,43.09,36.07,0.7368,0.0,12.36,30.73,0.0,630.22
49.69,74.29,41.85,36.52,0.4737,0.0,12.36,29.49,0.0,614.27
45.53,71.9,39.06,36.48,0.2105,0.0,9.89,29.17,0.0,450.14
44.16,68.62,35.98,34.68,0.0,0.0,0.0,35.98,0.0,0.0
43.7,63.21,32.49,32.57,0.0,0.0,0.0,32.49,0.0,0.0
36.2,59.73,29.33,30.35,0.0,0.0,0.0,29.33,0.0,0.0
39.08,68.39,26.99,31.48,0.5,0.0,12.36,14.63,0.0,483.11
38.15,55.35,25.23,27.17,0.2368,0.0,11.12,14.11,0.0,424.31
33.15,46.38,24.48,25.8,0.0,12.36,0.0,36.84,0.0,-409.73
32.46,42.56,24.14,22.69,0.2375,12.36,0.0,36.5,0.0,-401.21
33.15,39.46,24.68,26.05,0.475,12.36,0.0,37.04,0.0,-409.73
39.07,39.34,26.18,24.52,0.7125,12.36,0.0,38.54,0.0,-482.91
45.11,48.56,31.49,26.85,0.95,2.6,0.0,34.09,0.0,-117.38
52.0,60.93,37.5,30.36,1.0,0.0,0.0,37.5,0.0,0.0
55.6,67.24,41.28,32.96,1.0,0.0,0.0,41.28,0.0,0.0
59.95,69.08,42.39,35.7,1.0,0.0,0.0,42.39,0.0,0.0
55.0,68.88,42.13,39.75,1.0,0.0,0.0,42.13,0.0,0.0
55.6,68.49,41.68,36.49,1.0,0.0,0.0,41.68,0.0,0.0
51.6,67.6,39.52,36.31,1.0,0.0,0.0,39.52,0.0,0.0
50.0,67.09,39.2,34.73,1.0,0.0,0.0,39.2,0.0,0.0
56.0,68.75,40.37,33.86,1.0,0.0,0.0,40.37,0.0,0.0
60.0,69.53,41.04,32.9,1.0,0.0,0.0,41.04,0.0,0.0
61.53,71.35,42.64,32.65,1.0,0.0,0.0,42.64,0.0,0.0
76.09,74.05,44.18,34.13,1.0,0.0,12.36,31.82,0.0,940.62
59.28,76.65,43.02,35.75,0.7368,0.0,12.36,30.66,0.0,732.54
54.18,76.56,41.71,35.82,0.4737,0.0,12.36,29.35,0.0,669.77
53.45,74.0,39.07,35.15,0.2105,0.0,9.89,29.18,0.0,528.45
49.18,70.62,36.02,33.31,0.0,0.0,0.0,36.02,0.0,0.0
45.37,66.26,32.6,31.32,0.0,0.0,0.0,32.6,0.0,0.0
43.64,63.73,29.38,29.35,0.0,0.0,0.0,29.38,0.0,0.0
35.33,71.45,26.96,30.5,0.5,0.0,4.7,22.26,0.0,165.94
33.71,61.15,25.18,24.63,0.4,0.0,4.7,20.48,0.0,158.33
30.0,58.11,24.33,22.32,0.3,0.0,4.7,19.63,0.0,140.9
30.0,54.46,24.07,21.79,0.2,0.0,4.7,19.37,0.0,140.9
30.0,51.12,24.54,21.16,0.1,0.0,4.7,19.84,0.0,140.9
33.8,47.54,25.96,22.79,0.0,5.2,0.0,31.16,0.0,-175.9
43.9,51.09,30.93,24.83,0.1,5.2,0.0,36.13,0.0,-228.46
46.0,60.84,36.5,28.05,0.2,5.2,0.0,41.7,0.0,-239.39
50.0,68.79,40.27,32.11,0.3,5.2,0.0,45.47,0.0,-260.21
49.0,71.0,41.51,36.68,0.4,5.2,0.0,46.71,0.0,-255.01
45.11,69.98,41.11,38.75,0.5,5.2,0.0,46.31,0.0,-234.76
45.71,68.83,40.59,37.05,0.6,5.2,0.0,45.79,0.0,-237.88
42.8,68.35,38.54,36.05,0.7,5.2,0.0,43.74,0.0,-222.74
42.24,67.44,38.01,36.01,0.8,5.2,0.0,43.21,0.0,-219.83
44.0,66.82,38.83,35.33,0.9,5.2,0.0,44.03,0.0,-228.99
44.4,67.61,39.19,35.15,1.0,0.0,4.7,34.49,0.0,208.54
45.42,70.38,40.47,34.32,0.9,0.0,4.7,35.77,0.0,213.33
51.0,73.71,41.97,35.46,0.8,0.0,4.7,37.27,0.0,239.54
45.85,75.64,41.12,37.94,0.7,0.0,4.7,36.42,0.0,215.35
45.42,74.8,40.03,38.02,0.6,0.0,4.7,35.33,0.0,213.33
43.45,72.55,37.49,37.25,0.5,0.0,4.7,32.79,0.0,204.08
42.45,69.78,34.58,34.85,0.4,0.0,4.7,29.88,0.0,199.38
37.54,65.51,31.56,32.29,0.3,0.0,4.7,26.86,0.0,176.32
27.73,62.16,28.78,29.8,0.2,0.0,4.7,24.08,0.0,130.24
26.09,65.49,25.97,30.08,0.5,0.0,12.36,17.72,0.0,215.24
14.39,49.24,24.15,23.49,0.2368,0.0,8.78,14.71,0.0,135.78
9.65,43.37,23.18,21.33,0.05,12.36,0.0,33.69,0.0,-101.42
9.65,40.69,22.69,21.09,0.2875,12.36,0.0,33.45,0.0,-103.83
9.65,39.33,22.85,20.95,0.525,12.36,0.0,33.31,0.0,-100.94
12.38,41.4,23.41,20.95,0.7625,12.36,0.0,33.31,0.0,-122.56
21.26,53.71,25.83,21.1,1.0,0.0,0.0,21.1,0.0,100.56
29.05,58.66,29.09,21.56,1.0,0.0,-0.0,21.56,0.0,218.75
33.47,61.2,30.92,22.44,1.0,0.0,-0.0,22.44,0.0,283.83
36.03,64.01,32.33,23.56,1.0,0.0,-0.0,23.56,0.0,315.98
36.21,66.67,32.06,25.01,1.0,0.0,-0.0,25.01,0.0,255.28
36.01,68.54,31.5,25.82,1.0,0.0,-0.0,25.82,0.0,204.54
35.3,68.47,30.3,26.57,1.0,0.0,0.0,26.57,0.0,131.67
33.9,68.39,29.31,26.61,1.0,0.0,0.0,26.61,0.0,91.53
36.25,67.41,29.27,26.46,1.0,0.0,0.0,26.46,0.0,101.86
37.34,66.95,29.66,26.33,1.0,0.0,0.0,26.33,0.0,124.34
39.88,68.52,31.24,27.14,1.0,0.0,0.0,27.14,0.0,163.51
45.25,72.06,33.95,29.16,1.0,0.0,9.89,19.27,0.0,664.18
44.82,75.9,34.45,32.06,0.7895,0.0,12.36,19.7,0.0,661.1
45.94,77.37,34.56,37.51,0.5263,0.0,12.36,25.15,0.0,432.3
39.01,75.18,32.69,39.17,0.2632,0.0,12.36,26.81,0.0,229.38
35.15,71.08,30.4,36.26,0.0,0.0,-0.0,36.26,0.0,-205.98
29.15,66.08,28.23,32.76,0.0,0.0,-0.0,32.76,0.0,-132.05
23.04,60.75,25.77,29.88,0.0,0.0,-0.0,29.88,0.0,-94.69
25.0,72.33,23.9,30.14,0.5,0.0,12.36,11.54,0.0,309.05
10.0,68.61,22.26,23.69,0.2368,0.0,11.12,11.14,0.0,111.22
12.2,59.67,21.26,21.77,0.0,0.0,0.0,21.26,0.0,0.0
8.0,55.92,20.82,21.43,0.0,12.36,0.0,33.18,0.0,-98.88
6.76,52.2,20.96,21.15,0.2375,12.36,0.0,33.32,0.0,-83.55
8.0,50.15,21.3,21.14,0.475,12.36,0.0,33.66,0.0,-98.88
9.9,52.95,22.72,21.32,0.7125,12.36,0.0,35.08,0.0,-122.36
20.01,57.92,24.34,21.87,0.95,2.6,0.0,26.94,0.0,-52.07
28.07,61.1,25.72,23.1,1.0,0.0,0.0,25.72,0.0,0.0
33.04,64.33,27.17,24.51,1.0,0.0,0.0,27.17,0.0,0.0
34.47,66.45,27.75,26.14,1.0,0.0,0.0,27.75,0.0,0.0
34.89,67.14,27.81,27.32,1.0,0.0,0.0,27.81,0.0,0.0
35.59,67.83,27.52,29.66,1.0,0.0,0.0,27.52,0.0,0.0
35.76,67.65,26.43,28.75,1.0,0.0,0.0,26.43,0.0,0.0
36.33,66.83,26.18,27.76,1.0,0.0,0.0,26.18,0.0,0.0
37.09,66.36,26.68,27.27,1.0,0.0,0.0,26.68,0.0,0.0
39.01,68.01,28.31,27.87,1.0,0.0,0.0,28.31,0.0,0.0
40.0,72.23,31.21,29.74,1.0,0.0,9.89,21.32,0.0,395.47
39.0,76.5,32.02,31.41,0.7895,0.0,12.36,19.66,0.0,482.12
39.15,77.35,32.29,35.8,0.5263,0.0,12.36,19.93,0.0,483.79
37.29,74.65,31.05,39.48,0.2632,0.0,12.36,18.69,0.0,460.98
31.83,70.53,29.32,36.43,0.0,0.0,0.0,29.32,0.0,0.0
28.01,65.35,27.17,32.71,0.0,0.0,0.0,27.17,0.0,0.0
18.67,59.73,24.58,29.74,0.0,0.0,0.0,24.58,0.0,0.0
8.51,60.08,22.27,26.33,0.5,0.0,12.36,9.91,0.0,105.2
5.1,50.75,20.87,23.95,0.2368,0.0,8.77,12.1,0.0,44.75
2.3,43.42,20.31,21.92,0.05,12.36,0.0,32.67,0.0,-28.43
1.02,38.36,20.11,21.16,0.2875,12.36,0.0,32.47,0.0,-12.61
1.0,34.38,20.38,20.82,0.525,12.36,0.0,32.74,0.0,-12.36
2.3,35.72,21.73,20.96,0.7625,12.36,0.0,34.09,0.0,-28.43
24.29,47.85,25.74,22.85,1.0,0.0,0.0,25.74,0.0,0.0
36.41,60.51,30.45,25.84,1.0,0.0,0.0,30.45,0.0,0.0
38.22,66.22,33.27,28.48,1.0,0.0,0.0,33.27,0.0,0.0
38.19,68.24,34.23,30.51,1.0,0.0,12.36,21.87,0.0,472.1
36.8,66.95,33.77,30.51,0.7368,0.0,0.0,33.77,0.0,0.0
34.92,64.89,33.3,30.23,0.7368,0.0,0.0,33.3,0.0,0.0
33.26,63.16,32.07,31.41,0.7368,0.0,0.0,32.07,0.0,0.0
31.55,61.01,31.69,30.71,0.7368,12.36,0.0,44.05,0.0,-389.96
35.9,61.34,32.39,30.02,0.9743,1.34,0.0,33.73,0.0,-48.02
38.06,64.27,33.21,30.39,1.0,0.0,0.0,33.21,0.0,0.0
45.0,68.25,34.94,31.99,1.0,0.0,9.89,25.05,0.0,444.9
49.99,72.14,37.31,34.83,0.7895,0.0,12.36,24.95,0.0,617.98
45.69,73.85,36.88,37.18,0.5263,0.0,12.36,24.52,0.0,564.6
44.4,71.97,35.97,36.42,0.2632,0.0,12.36,23.61,0.0,548.87
40.99,67.23,33.99,34.63,0.0,0.0,0.0,33.99,0.0,0.0
36.9,62.35,31.52,32.64,0.0,0.0,0.0,31.52,0.0,0.0
31.96,58.98,28.68,30.37,0.0,0.0,0.0,28.68,0.0,0.0
18.58,56.52,25.59,28.1,0.0,0.0,0.0,25.59,0.0,0.0
7.0,59.52,22.9,27.71,0.5,0.0,12.36,15.35,0.0,52.85
4.62,53.24,21.26,27.99,0.2368,0.0,8.78,19.21,0.0,9.45
2.5,45.36,20.52,29.33,0.05,12.36,0.0,41.69,0.0,-52.92
2.0,40.14,20.22,29.96,0.2875,12.36,0.0,42.32,0.0,-44.2
2.5,38.11,20.68,22.72,0.525,12.36,0.0,35.08,0.0,-36.0
3.0,42.84,21.92,22.95,0.7625,12.36,0.0,35.31,0.0,-40.17
20.0,53.76,24.9,25.71,1.0,-0.0,0.0,25.71,0.0,-16.2
32.96,62.0,28.39,29.08,1.0,0.0,0.0,29.08,0.0,-22.74
34.2,66.25,30.8,31.63,1.0,0.0,-0.0,31.63,0.0,-28.39
35.0,68.43,31.82,33.44,1.0,0.0,0.0,33.44,0.0,-56.7
30.72,69.4,31.42,33.56,1.0,0.0,0.0,33.56,0.0,-65.74
30.1,69.38,30.91,33.17,1.0,0.0,0.0,33.17,0.0,-68.03
29.92,68.21,29.89,32.21,1.0,0.0,0.0,32.21,0.0,-69.41
30.0,66.36,29.25,30.95,1.0,0.0,0.0,30.95,0.0,-51.0
34.97,66.66,29.73,30.52,1.0,0.0,0.0,30.52,0.0,-27.63
38.01,69.45,30.47,30.79,1.0,0.0,0.0,30.79,0.0,-12.16
45.8,72.79,32.02,31.52,1.0,0.0,9.89,21.63,0.0,475.77
48.83,76.24,34.9,33.19,0.7895,0.0,12.36,20.83,0.0,687.04
47.86,78.89,34.83,35.54,0.5263,0.0,12.36,23.18,0.0,557.57
47.43,76.43,34.05,35.53,0.2632,0.0,12.36,23.17,0.0,516.04
45.7,72.7,31.79,34.33,-0.0,0.0,0.0,34.33,0.0,-116.08
36.53,70.23,29.29,32.14,-0.0,0.0,0.0,32.14,0.0,-104.11
27.46,67.54,26.87,29.68,-0.0,0.0,0.0,29.68,0.0,-77.16
20.99,66.2,24.43,26.95,0.0,0.0,-0.0,26.95,0.0,-52.89
15.0,63.64,22.4,30.87,0.5,0.0,12.36,10.04,0.0,185.43
10.0,58.53,20.91,23.17,0.2368,0.0,11.12,9.79,0.0,111.22
10.0,46.19,19.89,20.37,0.0,2.6,0.0,22.49,0.0,-26.02
9.5,37.41,19.22,20.45,0.05,12.36,0.0,31.58,0.0,-117.42
10.07,30.49,19.3,20.3,0.2875,12.36,0.0,31.66,0.0,-124.47
10.0,27.73,19.75,20.21,0.525,12.36,0.0,32.11,0.0,-123.6
9.9,36.03,21.03,20.65,0.7625,12.36,0.0,33.39,0.0,-122.36
17.81,47.4,22.37,21.73,1.0,0.0,0.0,22.37,0.0,0.0
10.0,52.93,23.25,23.89,1.0,0.0,0.0,23.25,0.0,0.0
10.0,56.18,24.53,25.25,1.0,0.0,0.0,24.53,0.0,0.0
17.97,57.66,25.03,25.14,1.0,0.0,0.0,25.03,0.0,0.0
14.61,58.15,25.32,25.55,1.0,0.0,0.0,25.32,0.0,0.0
17.97,57.63,24.57,25.09,1.0,0.0,0.0,24.57,0.0,0.0
12.03,56.13,22.77,23.87,1.0,0.0,0.0,22.77,0.0,0.0
11.59,55.92,21.98,22.89,1.0,0.0,0.0,21.98,0.0,0.0
15.06,58.03,22.61,22.75,1.0,0.0,0.0,22.61,0.0,0.0
31.83,61.52,24.44,23.94,1.0,0.0,0.0,24.44,0.0,0.0
42.78,65.43,27.68,26.53,1.0,0.0,0.0,27.68,0.0,0.0
43.42,68.01,28.38,28.77,1.0,0.0,12.36,16.02,0.0,536.76
44.29,68.8,28.92,28.95,0.7368,0.0,12.36,16.56,0.0,547.3
43.36,67.92,28.25,28.83,0.4737,0.0,12.36,15.89,0.0,536.02
43.59,67.51,26.96,27.4,0.2105,0.0,9.89,17.07,0.0,430.96
38.49,67.34,25.35,25.16,0.0,0.0,0.0,25.35,0.0,0.0
33.46,65.28,23.16,23.5,0.0,0.0,0.0,23.16,0.0,0.0
34.45,70.27,21.6,30.72,0.5,0.0,12.36,18.36,0.0,111.62
29.0,55.51,20.16,22.64,0.2368,0.0,11.12,11.52,0.0,250.68
23.11,44.61,19.35,20.23,0.0,0.0,0.0,20.23,0.0,-20.34
21.74,38.71,18.95,20.39,-0.0,12.36,0.0,32.75,0.0,-300.01
22.22,32.71,18.98,20.42,0.2375,12.36,0.0,32.78,0.0,-306.64
25.01,29.16,19.58,20.36,0.475,12.36,0.0,32.72,0.0,-328.63
25.86,30.22,21.01,20.5,0.7125,12.36,0.0,32.86,0.0,-306.44
30.0,42.16,22.38,21.45,0.95,2.6,0.0,24.05,0.0,-50.16
29.98,51.56,23.32,23.57,1.0,0.0,-0.0,23.57,0.0,-7.5
34.15,56.17,24.72,25.1,1.0,0.0,-0.0,25.1,0.0,-12.98
34.95,58.14,25.27,25.37,1.0,0.0,-0.0,25.37,0.0,-3.5
32.51,57.34,25.51,25.75,1.0,0.0,0.0,25.75,0.0,-7.8
33.36,56.53,25.13,25.33,1.0,0.0,0.0,25.33,0.0,-6.67
29.92,56.29,23.93,24.25,1.0,0.0,0.0,24.25,0.0,-9.57
31.39,56.44,23.52,23.2,1.0,0.0,0.0,23.2,0.0,10.04
36.01,58.12,24.11,23.07,1.0,0.0,0.0,23.07,0.0,37.45
39.45,62.33,25.74,24.19,1.0,0.0,-0.0,24.19,0.0,61.15
46.28,66.87,28.88,26.59,1.0,0.0,-0.0,26.59,0.0,105.98
49.47,69.13,29.72,29.1,1.0,0.0,12.36,16.74,0.0,642.12
50.77,69.42,30.24,29.43,0.7368,0.0,12.36,17.07,0.0,668.64
49.21,68.67,29.38,29.28,0.4737,0.0,12.36,16.92,0.0,613.16
45.6,68.32,27.84,28.16,0.2105,0.0,9.89,18.27,0.0,436.3
43.01,67.06,25.92,26.07,-0.0,0.0,0.0,26.07,0.0,-6.45
38.19,63.91,23.45,24.06,0.0,0.0,-0.0,24.06,0.0,-23.3
36.87,65.66,22.07,30.73,0.5,0.0,12.36,9.71,0.0,455.79
35.04,55.69,20.49,28.7,0.2368,0.0,0.0,20.49,0.0,0.0
35.2,52.39,19.72,24.36,0.2368,2.64,0.0,22.36,0.0,-92.88
34.87,49.46,19.43,23.16,0.2875,12.36,0.0,31.79,0.0,-430.99
34.86,48.22,19.78,22.81,0.525,12.36,0.0,32.14,0.0,-430.87
36.63,50.23,20.96,24.75,0.7625,12.36,0.0,33.32,0.0,-452.75
43.11,55.8,24.28,27.59,1.0,0.0,0.0,24.28,0.0,0.0
46.64,64.97,27.86,31.63,1.0,0.0,0.0,27.86,0.0,0.0
47.75,70.05,30.45,37.08,1.0,0.0,0.0,30.45,0.0,0.0
48.9,72.74,31.88,41.45,1.0,0.0,0.0,31.88,0.0,0.0
47.48,72.36,31.6,42.25,1.0,0.0,0.0,31.6,0.0,0.0
46.21,71.83,31.09,42.97,1.0,0.0,0.0,31.09,0.0,0.0
46.34,70.95,30.07,42.51,1.0,0.0,0.0,30.07,0.0,0.0
46.31,68.34,29.48,40.32,1.0,0.0,0.0,29.48,0.0,0.0
47.62,67.36,29.88,39.94,1.0,0.0,0.0,29.88,0.0,0.0
49.73,68.44,30.59,39.67,1.0,0.0,0.0,30.59,0.0,0.0
52.68,71.88,32.42,34.23,1.0,0.0,0.0,32.42,0.0,0.0
60.78,76.63,35.32,33.8,1.0,0.0,12.36,22.96,0.0,751.36
59.78,79.98,35.5,35.9,0.7368,0.0,12.36,23.14,0.0,738.72
59.4,78.04,35.04,35.94,0.4737,0.0,12.36,22.68,0.0,734.3
56.39,74.17,32.91,35.12,0.2105,0.0,9.89,23.02,0.0,557.51
49.07,72.23,30.35,32.86,0.0,0.0,0.0,30.35,0.0,0.0
45.16,69.53,27.89,30.28,0.0,0.0,0.0,27.89,0.0,0.0
36.85,65.81,25.13,27.53,0.0,0.0,0.0,25.13,0.0,0.0
36.92,70.58,22.77,30.98,0.5,0.0,12.36,18.62,0.0,153.22
34.42,60.22,21.11,27.3,0.2368,0.0,11.12,16.18,0.0,169.83
30.0,50.54,20.25,26.31,0.0,2.6,0.0,28.91,0.0,-259.86
27.4,46.36,19.89,25.37,0.05,12.36,0.0,37.73,0.0,-488.82
27.37,45.43,20.12,24.91,0.2875,12.36,0.0,37.27,0.0,-469.4
27.4,44.48,21.03,25.01,0.525,12.36,0.0,37.37,0.0,-447.72
28.91,47.79,23.51,25.74,0.7625,12.36,0.0,38.1,0.0,-421.8
35.0,55.21,26.2,27.97,1.0,-0.0,0.0,27.97,0.0,-61.95
39.0,61.29,28.13,31.7,1.0,0.0,-0.0,31.7,0.0,-139.23
36.82,64.81,29.62,34.72,1.0,0.0,-0.0,34.72,0.0,-187.78
35.61,66.26,29.32,35.72,1.0,0.0,0.0,35.72,0.0,-227.9
35.05,65.95,28.72,36.28,1.0,0.0,0.0,36.28,0.0,-264.98
34.7,64.94,27.83,35.38,1.0,0.0,0.0,35.38,0.0,-261.99
32.27,63.79,27.04,34.52,1.0,0.0,0.0,34.52,0.0,-241.38
34.58,63.25,27.15,33.62,1.0,0.0,0.0,33.62,0.0,-223.73
35.86,64.67,27.73,33.41,1.0,0.0,0.0,33.41,0.0,-203.68
40.0,68.36,29.56,34.5,1.0,0.0,-0.0,34.5,0.0,-197.6
44.0,72.52,32.81,36.97,1.0,0.0,12.36,24.61,0.0,360.8
43.75,74.19,33.61,39.48,0.7368,0.0,12.36,27.12,0.0,283.94
44.25,73.25,33.68,38.52,0.4737,0.0,12.36,26.16,0.0,332.76
41.0,71.52,31.72,37.83,0.2105,0.0,9.89,27.94,0.0,154.9
35.39,69.56,29.26,34.89,-0.0,0.0,0.0,34.89,0.0,-199.25
34.75,67.19,27.09,32.15,0.0,0.0,-0.0,32.15,0.0,-175.83
30.17,64.75,24.47,29.54,0.0,0.0,-0.0,29.54,0.0,-152.96
30.6,69.76,22.79,30.47,0.5,0.0,12.36,10.43,0.0,378.28
28.1,62.29,21.09,27.67,0.2368,0.0,11.12,9.97,0.0,312.53
25.0,50.08,20.01,26.57,0.0,2.6,0.0,22.61,0.0,-65.05
20.55,46.92,19.54,25.49,0.05,12.36,0.0,31.9,0.0,-254.0
20.0,46.25,19.55,24.88,0.2875,12.36,0.0,31.91,0.0,-247.2
21.31,45.77,20.13,24.86,0.525,12.36,0.0,32.49,0.0,-263.39
22.72,47.75,21.7,25.39,0.7625,12.36,0.0,34.06,0.0,-280.82
25.1,54.5,23.3,27.04,1.0,0.0,0.0,23.3,0.0,0.0
27.52,59.71,24.81,29.94,1.0,0.0,0.0,24.81,0.0,0.0
30.04,62.86,26.67,32.59,1.0,0.0,0.0,26.67,0.0,0.0
32.52,64.11,27.48,34.47,1.0,0.0,0.0,27.48,0.0,0.0
32.51,63.72,27.66,36.18,1.0,0.0,0.0,27.66,0.0,0.0
32.03,62.52,27.55,35.46,1.0,0.0,0.0,27.55,0.0,0.0
30.61,61.09,26.42,34.74,1.0,0.0,0.0,26.42,0.0,0.0
30.8,60.12,26.2,34.18,1.0,0.0,0.0,26.2,0.0,0.0
32.86,60.8,26.7,34.03,1.0,0.0,0.0,26.7,0.0,0.0
35.64,64.27,28.31,34.89,1.0,0.0,0.0,28.31,0.0,0.0
41.0,69.4,31.3,37.15,1.0,0.0,9.89,21.41,0.0,405.36
43.5,72.31,32.31,39.45,0.7895,0.0,12.36,19.95,0.0,537.75
43.98,72.24,32.76,39.47,0.5263,0.0,12.36,20.4,0.0,543.47
41.02,71.03,31.63,39.15,0.2632,0.0,12.36,19.27,0.0,507.09
35.03,69.37,29.8,36.67,0.0,0.0,0.0,29.8,0.0,0.0
34.3,67.05,27.45,34.25,0.0,0.0,0.0,27.45,0.0,0.0
28.94,64.25,24.71,31.77,0.0,0.0,0.0,24.71,0.0,0.0
26.06,60.58,22.22,28.0,0.5,0.0,12.36,15.64,0.0,171.47
23.46,55.74,20.64,26.74,0.2368,0.0,0.0,26.74,0.0,-143.11
22.0,53.86,19.87,25.99,0.2368,12.36,0.0,38.35,0.0,-406.56
15.07,53.2,19.61,25.77,0.4743,12.36,0.0,38.13,0.0,-279.1
15.68,52.64,19.89,25.9,0.7118,12.36,0.0,38.26,0.0,-288.04
21.7,54.09,21.37,26.57,0.9493,2.64,0.0,29.21,0.0,-170.05
30.0,61.71,25.04,29.27,1.0,0.0,-0.0,29.27,0.0,-126.9
40.99,70.6,29.11,35.4,1.0,0.0,0.0,35.4,0.0,-257.83
43.91,75.36,32.03,41.21,1.0,0.0,0.0,41.21,0.0,-403.09
42.42,77.32,33.37,44.53,1.0,0.0,12.36,32.17,0.0,50.9
42.42,75.25,33.21,45.18,0.7368,0.0,0.0,45.18,0.0,-507.77
40.98,72.06,32.82,44.06,0.7368,0.0,0.0,44.06,0.0,-460.62
39.38,69.2,32.0,42.92,0.7368,0.0,0.0,42.92,0.0,-430.03
37.73,67.22,31.57,42.07,0.7368,12.36,0.0,54.43,0.0,-862.51
40.0,68.24,32.03,41.82,0.9743,1.34,0.0,43.16,0.0,-445.01
41.23,72.15,32.82,42.77,1.0,0.0,0.0,42.77,0.0,-410.24
44.68,78.4,34.58,44.25,1.0,0.0,-0.0,44.25,0.0,-432.06
48.47,85.6,37.34,45.66,1.0,0.0,12.36,33.3,0.0,195.82
52.44,90.25,37.32,46.84,0.7368,0.0,12.36,34.48,0.0,148.93
53.78,85.48,36.6,46.41,0.4737,0.0,12.36,34.05,0.0,137.14
48.51,80.61,34.6,45.34,0.2105,0.0,9.89,35.45,0.0,-41.33
42.94,78.03,32.07,42.96,0.0,0.0,-0.0,42.96,0.0,-467.62
38.27,75.32,29.29,39.99,0.0,0.0,-0.0,39.99,0.0,-409.49
37.55,73.42,26.1,36.41,0.0,0.0,-0.0,36.41,0.0,-387.14
37.55,67.23,23.01,28.76,0.5,0.0,12.36,16.4,0.0,248.21
34.22,63.91,21.26,23.55,0.2368,0.0,8.78,14.77,0.0,221.94
30.95,59.08,20.3,21.14,0.05,0.0,0.0,21.14,0.0,-26.0
29.8,55.4,20.03,20.02,0.05,12.36,0.0,32.38,0.0,-368.03
28.59,53.15,20.3,19.64,0.2875,12.36,0.0,32.0,0.0,-334.5
34.67,52.14,21.45,19.61,0.525,12.36,0.0,31.97,0.0,-364.73
42.0,55.39,24.5,20.7,0.7625,12.36,0.0,33.06,0.0,-359.52
46.41,61.31,27.95,24.18,1.0,0.0,0.0,24.18,0.0,174.97
45.88,66.02,30.46,28.48,1.0,0.0,0.0,28.48,0.0,90.84
45.17,69.63,31.87,32.74,1.0,0.0,12.36,20.38,0.0,519.0
43.08,69.48,31.64,34.86,0.7368,0.0,9.95,24.91,0.0,289.92
40.57,66.93,31.26,36.29,0.525,0.0,0.0,36.29,0.0,-204.07
40.0,64.97,30.46,36.2,0.525,0.0,0.0,36.2,0.0,-229.6
40.0,60.8,29.78,36.9,0.525,12.36,0.0,49.26,0.0,-779.2
40.84,60.72,30.07,37.29,0.7625,12.36,0.0,49.65,0.0,-799.65
49.03,64.05,30.68,38.64,1.0,0.0,0.0,38.64,0.0,-390.28
52.11,69.78,32.44,41.48,1.0,-0.0,0.0,41.48,0.0,-471.07
58.26,76.55,35.64,44.42,1.0,0.0,0.0,44.42,0.0,-511.52
59.28,82.72,35.78,46.37,1.0,0.0,12.36,34.01,0.0,104.93
56.48,82.55,34.89,45.66,0.7368,0.0,12.36,33.3,0.0,89.8
53.24,79.52,32.54,44.3,0.4737,0.0,12.36,31.94,0.0,31.94
50.68,77.33,30.03,41.37,0.2105,0.0,9.89,31.48,0.0,-73.59
48.61,72.62,27.64,38.39,-0.0,0.0,0.0,38.39,0.0,-522.56
42.3,71.31,25.4,34.66,0.0,0.0,-0.0,34.66,0.0,-391.7
